1 3 1524318147.948114
2 3 1524318148.9506087
1 10.714792286445928 0.99 1524318149.088953
1 10.609376942011307 0.9899666666666667 1524318149.3775601
1 10.55464366554216 0.9899333333333333 1524318149.668476
1 10.614732776982208 0.9899 1524318149.9481056
2 11.211412465593622 0.99 1524318150.0406942
1 10.59408000594765 0.9898666666666667 1524318150.2224057
2 10.691339527613193 0.9899666666666667 1524318150.3566477
1 10.658960377162256 0.9898333333333333 1524318150.5050719
2 10.39209941475112 0.9899333333333333 1524318150.6535218
1 10.696573292271367 0.9898 1524318150.797949
2 10.361169849263828 0.9899 1524318150.9265134
1 10.55503276466398 0.9897666666666667 1524318151.087793
2 10.157793078865469 0.9898666666666667 1524318151.224166
1 10.417223010989328 0.9897333333333334 1524318151.3743126
2 10.27865794725466 0.9898333333333333 1524318151.5243993
1 10.371667896158383 0.9897 1524318151.6637805
2 10.253992114689185 0.9898 1524318151.825195
1 10.360116992816552 0.9896666666666667 1524318151.9469223
2 10.067796740807221 0.9897666666666667 1524318152.1194992
1 10.599008594824022 0.9896333333333334 1524318152.22314
2 10.141634021218184 0.9897333333333334 1524318152.405502
1 10.588342701249468 0.9895666666666667 1524318152.5089676
2 10.453409229318444 0.9897 1524318152.670206
1 10.56496623636218 0.9895 1524318152.7958577
2 10.707750355280472 0.9896666666666667 1524318152.9465923
1 10.583559070869462 0.9894333333333334 1524318153.0800982
2 10.634462391276776 0.9896333333333334 1524318153.248047
1 10.47448161705301 0.9893666666666666 1524318153.3658686
2 10.72657207162412 0.9896 1524318153.5242405
1 10.560197864771258 0.9892666666666666 1524318153.6454017
2 10.725915943693217 0.9895666666666667 1524318153.7882125
1 10.556436573260347 0.9891666666666666 1524318153.9312124
2 10.759218250884155 0.9895 1524318154.060472
1 10.683252369395005 0.9890333333333333 1524318154.207151
2 11.03943828314438 0.9894 1524318154.3375251
1 10.589479481036744 0.9889 1524318154.4944992
2 11.082017934102595 0.9892666666666666 1524318154.6069825
1 10.592889820398556 0.9887333333333334 1524318154.779896
2 10.973878895815236 0.9891 1524318154.8822348
1 10.626832996731311 0.9885666666666667 1524318155.0671287
2 10.808595692382372 0.9889 1524318155.169912
1 10.494318042871202 0.9883666666666666 1524318155.348356
2 10.728540455416848 0.9887 1524318155.4551623
1 10.581621204654915 0.9881333333333333 1524318155.627455
2 10.529176746549421 0.9885 1524318155.7466831
1 10.619722401014942 0.9879 1524318155.9060025
2 10.565538440953082 0.9882666666666666 1524318156.017825
1 10.729211842136852 0.9876 1524318156.1847205
2 10.666040455300445 0.988 1524318156.2940748
1 10.695306812776822 0.9872666666666666 1524318156.4702888
2 10.248209033623723 0.9877666666666667 1524318156.627112
1 10.648202930853145 0.9869 1524318156.754089
2 10.345293079214716 0.9875 1524318156.906458
1 10.6774464001459 0.9864666666666667 1524318157.0297942
2 10.207796130716426 0.9872333333333333 1524318157.1942048
1 10.581583057682192 0.9860333333333333 1524318157.3133569
2 9.932786974930742 0.987 1524318157.502919
1 10.690622364525913 0.9855333333333334 1524318157.5914993
2 10.528810535611237 0.9867 1524318157.7668915
1 10.719118153153214 0.9849666666666667 1524318157.874089
2 10.624765430809498 0.9863666666666666 1524318158.0371208
1 10.74038127575141 0.9843 1524318158.1471992
2 10.25151256146191 0.9860333333333333 1524318158.3642237
1 10.655481373249525 0.9836 1524318158.441251
2 10.604852711045849 0.9856333333333334 1524318158.6334565
1 10.680048023685908 0.9828333333333333 1524318158.7183762
2 10.47092631919482 0.9852333333333333 1524318158.9112034
1 10.656038319051342 0.9819666666666667 1524318159.0017836
2 10.016374621570812 0.9848666666666667 1524318159.2374563
1 10.59709361679311 0.9810666666666666 1524318159.278688
2 10.50841716399122 0.9844333333333334 1524318159.506118
1 10.658929859584076 0.9800666666666666 1524318159.5676954
2 10.562692676787629 0.9839666666666667 1524318159.7694426
1 10.642847095882232 0.979 1524318159.8476079
2 10.62863353384404 0.9834333333333334 1524318160.038315
1 10.687181507585905 0.9778 1524318160.1235697
2 11.04039958685711 0.9827666666666667 1524318160.3227549
1 10.459154163411172 0.9766 1524318160.426463
2 10.640474354178606 0.9820666666666666 1524318160.6336932
1 10.470766101909371 0.9753333333333334 1524318160.7104776
2 10.252611194276454 0.9814 1524318160.9405422
1 10.415132556883863 0.974 1524318160.9972227
2 9.979753527752592 0.9807666666666667 1524318161.241883
1 10.26082805220192 0.9726666666666667 1524318161.2921512
2 10.095804248183597 0.9801 1524318161.5117638
1 10.406351123762045 0.9712666666666666 1524318161.5806043
2 10.474023853380283 0.9793666666666667 1524318161.7795172
1 10.376802478687472 0.9698333333333333 1524318161.8676372
2 10.64910319940951 0.9785333333333334 1524318162.0670712
1 10.408594165758409 0.9683333333333334 1524318162.1500955
2 10.757333790431419 0.9776 1524318162.3567266
1 10.509065662527588 0.9667333333333333 1524318162.4373305
2 10.667245899638626 0.9766 1524318162.6364384
1 10.50898173918758 0.9650666666666666 1524318162.7233622
2 10.432291065216608 0.9755666666666667 1524318162.9315963
1 10.546243702147606 0.9633 1524318163.007117
2 10.658311878625891 0.9744333333333334 1524318163.1930528
1 10.486772571665744 0.9614666666666667 1524318163.2916293
2 10.828432118200572 0.9731333333333333 1524318163.464591
1 10.459268604329365 0.9595333333333333 1524318163.5848854
2 10.545152698727605 0.9718 1524318163.773592
1 10.408418689683861 0.9575333333333333 1524318163.8760207
2 10.786935841267807 0.9703 1524318164.043586
1 10.45452312092208 0.9554666666666667 1524318164.1540496
2 10.299310718289222 0.9688333333333333 1524318164.3577368
1 10.296228442892867 0.9533666666666667 1524318164.4632068
2 10.089227710085412 0.9674 1524318164.6541405
1 10.132288012899998 0.9512666666666667 1524318164.7714021
2 10.414224658932953 0.9658666666666667 1524318164.924828
1 10.136262927458183 0.9491666666666667 1524318165.0581346
2 10.028078112803543 0.9644 1524318165.2432923
1 10.01688579100535 0.9470666666666666 1524318165.351672
2 10.212717090198243 0.9628666666666666 1524318165.5327575
1 10.128145251661817 0.9449333333333333 1524318165.6418228
2 10.139223132541819 0.9613333333333334 1524318165.8373387
1 10.28232005663649 0.9427666666666666 1524318165.93186
2 10.039766345247198 0.9598 1524318166.119926
1 10.37536815251292 0.9405 1524318166.214706
2 10.263795886680107 0.9582333333333334 1524318166.411158
1 10.412622486078412 0.9381666666666667 1524318166.5058517
2 10.12040141619817 0.9566666666666667 1524318166.7198865
1 10.400095020234764 0.9357666666666666 1524318166.7996879
2 10.243814502365542 0.9550333333333333 1524318167.0086849
1 10.44304088213116 0.9332666666666667 1524318167.0836053
2 10.301080737823773 0.9533666666666667 1524318167.285287
1 10.219545398316434 0.9307666666666666 1524318167.3888397
2 10.123895678899988 0.9517333333333333 1524318167.5957162
1 10.154115710694564 0.9282333333333334 1524318167.6863227
2 10.335046802340168 0.95 1524318167.8818011
1 10.152345691160011 0.9257 1524318167.9791074
2 10.164011035420025 0.9483 1524318168.190137
1 10.04722026371811 0.9231666666666667 1524318168.274832
2 9.919069323538006 0.9466666666666667 1524318168.4955974
1 10.126543078807272 0.9206 1524318168.573268
2 9.956613574096222 0.9450333333333333 1524318168.8002448
1 10.12461284198726 0.9180333333333334 1524318168.874506
2 9.934320483234377 0.9434333333333333 1524318169.0913541
1 10.075220141699953 0.9154666666666667 1524318169.1686866
2 10.093065295541782 0.9418 1524318169.3782034
1 10.032632861347194 0.9129 1524318169.471412
2 10.17363933133639 0.9401333333333334 1524318169.6742127
1 9.895021471930704 0.9104333333333333 1524318169.7867115
2 10.33368877011107 0.9383666666666667 1524318169.960823
1 9.93418315413256 0.9079666666666667 1524318170.0799117
2 10.07187083749449 0.9366666666666666 1524318170.2797942
1 9.875619921601603 0.9056 1524318170.3856573
2 10.250017200131001 0.9349 1524318170.5499513
1 9.98282054435987 0.9032 1524318170.673492
2 10.122507129092718 0.9331333333333334 1524318170.8595486
1 10.177347217085488 0.9007333333333334 1524318170.9651654
2 10.105539355623614 0.9313666666666667 1524318171.1486328
1 10.147546801990918 0.8982666666666667 1524318171.2626345
2 10.10753062759998 0.9296 1524318171.4683514
1 10.136903796600004 0.8958 1524318171.567809
2 9.812509569921552 0.9280333333333334 1524318171.772075
1 10.027109179696273 0.8933333333333333 1524318171.870391
2 9.978944811930784 0.9264 1524318172.062207
1 9.992517504827157 0.8908666666666667 1524318172.1671422
2 9.905778918239807 0.9248333333333333 1524318172.3586512
1 9.889246020259797 0.8885 1524318172.4776888
2 9.931894335768925 0.9232666666666667 1524318172.6780138
1 9.91015819070891 0.8861666666666667 1524318172.779972
2 9.70945170840146 0.9220333333333334 1524318173.008584
1 9.95336345201985 0.8838333333333334 1524318173.0764463
2 9.480768236295829 0.9213666666666667 1524318173.3285992
1 9.842088732574299 0.8816666666666667 1524318173.3863816
2 9.288042100682933 0.9215666666666666 1524318173.6531193
1 9.904657397241625 0.8795333333333333 1524318173.687267
2 9.355340989968443 0.9222 1524318173.958787
1 9.91170695780164 0.8774333333333333 1524318173.992374
2 9.668672594555972 0.9226 1524318174.2500873
1 9.796869311103357 0.8755333333333334 1524318174.3072367
2 9.756677660637873 0.9229333333333334 1524318174.5580723
1 9.712396654696008 0.8739 1524318174.6212611
2 9.942071948092568 0.9230666666666667 1524318174.8585005
1 9.68366435483781 0.8725333333333334 1524318174.9257972
2 10.004755053678076 0.9231333333333334 1524318175.1575336
1 9.751459154768769 0.8712666666666666 1524318175.2216992
2 9.812089953221557 0.9234333333333333 1524318175.472001
1 9.620325121321393 0.8704 1524318175.5488417
2 9.712785753817839 0.9239 1524318175.7935355
1 9.65077403495233 0.8697333333333334 1524318175.8636765
2 9.698022875372372 0.9244333333333333 1524318176.0969672
1 9.689729723501452 0.8692333333333333 1524318176.1650114
2 9.573808702777711 0.9252333333333334 1524318176.4105134
1 9.432077440306687 0.8693333333333333 1524318176.4924803
2 9.51401713772494 0.9262 1524318176.7330952
1 9.556604418077697 0.8695666666666667 1524318176.8036811
2 9.704042467668739 0.9269 1524318177.0295901
1 9.631883654057763 0.8699 1524318177.1171198
2 9.553827318463151 0.9278666666666666 1524318177.3523874
1 9.458482774828527 0.8706333333333334 1524318177.433997
2 9.850381884445218 0.9283666666666667 1524318177.6286488
1 9.63235667651959 0.8712666666666666 1524318177.7374876
2 9.99548533930534 0.9286666666666666 1524318177.9337223
1 9.698610338752365 0.8718666666666667 1524318178.0451152
2 10.060602221750854 0.9289333333333334 1524318178.223176
1 9.683206591165076 0.8725333333333334 1524318178.349872
2 10.070200000089036 0.9291666666666667 1524318178.5441148
1 9.799448046459716 0.8730666666666667 1524318178.6627188
2 9.506448778335846 0.9302333333333334 1524318178.8926415
1 9.784997973190622 0.8736333333333334 1524318178.9634025
2 9.444032701559424 0.9314333333333333 1524318179.2058458
1 9.757333788568774 0.8742333333333333 1524318179.271162
2 9.575265917135905 0.9324 1524318179.4767444
1 9.75570872753059 0.8748333333333334 1524318179.5835834
2 9.613382372285024 0.9332666666666667 1524318179.791535
1 9.740419420861487 0.8754666666666666 1524318179.8925874
2 10.209192309918242 0.9332666666666667 1524318180.0666487
1 9.78867534136153 0.8760333333333333 1524318180.189813
2 10.214975390983705 0.9332666666666667 1524318180.3797312
1 9.724596056574208 0.8766666666666667 1524318180.5045598
2 9.874895129119782 0.9336333333333333 1524318180.6917348
1 9.639200243426867 0.8774 1524318180.824844
2 10.038080249052651 0.9337333333333333 1524318180.9877095
1 9.64106181569595 0.8781333333333333 1524318181.1378367
2 9.70926860293238 0.9344 1524318181.3024015
1 9.474611314897636 0.8791 1524318181.4562488
2 10.061540637279945 0.9344666666666667 1524318181.5724492
1 9.49359324852674 0.8800333333333333 1524318181.770096
2 9.964830432021683 0.9346333333333333 1524318181.8958519
1 9.634798082774132 0.8807 1524318182.0711043
2 9.675355944177797 0.9353333333333333 1524318182.2274406
1 9.574289354634086 0.8814333333333333 1524318182.3908374
2 9.841241869779761 0.9356666666666666 1524318182.5223002
1 9.704660448626917 0.8819333333333333 1524318182.6979458
2 9.622056993883207 0.9364 1524318182.8193014
1 9.67718699886871 0.8824333333333333 1524318183.0137656
2 9.801301989334263 0.9367666666666666 1524318183.119816
1 9.548837694430421 0.8831333333333333 1524318183.3284492
2 10.146020923081833 0.9366333333333333 1524318183.4096527
1 9.68902781920327 0.8835666666666666 1524318183.6265235
2 9.90454295632345 0.9367666666666666 1524318183.7338617
1 9.769670519548791 0.8838333333333334 1524318183.9247212
2 9.96204570301259 0.9367666666666666 1524318184.023453
1 9.841348681303396 0.8839333333333333 1524318184.2281342
2 9.779047045445166 0.9371333333333334 1524318184.3466828
1 9.95133403307075 0.8838 1524318184.533254
2 9.657060656057782 0.9377 1524318184.653337
1 9.911500964148912 0.8837333333333334 1524318184.8410885
2 9.853799853201584 0.9378333333333333 1524318184.9509664
1 9.8742771481616 0.8837333333333334 1524318185.1378925
2 9.553049120219516 0.9386 1524318185.2794113
1 9.797479662666989 0.8838666666666667 1524318185.4535592
2 9.769166979508782 0.9388666666666666 1524318185.5751953
1 9.848054919108858 0.8839 1524318185.7530596
2 9.699365648812362 0.9392666666666667 1524318185.8894463
1 9.864854845897954 0.8838666666666667 1524318186.0541275
2 9.874826464568871 0.9392666666666667 1524318186.1661596
1 9.827852282352474 0.8839 1524318186.3607426
2 9.979547534099874 0.9390333333333334 1524318186.48184
1 9.935861620932556 0.8837 1524318186.6659591
2 10.113534961107254 0.9386666666666666 1524318186.7609808
1 9.859529528505227 0.8836333333333334 1524318186.9682167
2 10.28944591114195 0.9381666666666667 1524318187.0553007
1 9.851923022143406 0.8836 1524318187.274969
2 9.981721911545325 0.9379333333333333 1524318187.3691733
1 9.913507494914358 0.8834333333333333 1524318187.5688498
2 10.287286792485574 0.9374666666666667 1524318187.648521
1 9.868043932817958 0.8833333333333333 1524318187.8826344
2 10.064012561112664 0.9371666666666667 1524318187.9538484
1 9.898386034925254 0.8831666666666667 1524318188.1840534
2 10.07180217294358 0.9368666666666666 1524318188.24665
1 9.826829943483377 0.8831333333333333 1524318188.495121
2 10.105608020174515 0.9365333333333333 1524318188.5556767
1 9.854883227227043 0.8830333333333333 1524318188.7855642
2 9.98417857658897 0.9363333333333334 1524318188.85021
1 9.951112780628943 0.8827333333333334 1524318189.0832973
2 10.13855937521636 0.9359666666666666 1524318189.138295
1 9.877817187230697 0.8825666666666667 1524318189.3944914
2 9.853776965017948 0.9360333333333334 1524318189.4642987
1 9.88871959203616 0.8824 1524318189.7070925
2 9.959207568241679 0.9358666666666666 1524318189.7630713
1 9.73941997017603 0.8825333333333333 1524318190.02394
2 9.892099413819793 0.9358333333333333 1524318190.0636137
1 9.651300463175959 0.8828666666666667 1524318190.3298688
2 9.807329211025184 0.9359666666666666 1524318190.3608663
1 9.678224596526888 0.8832 1524318190.6368887
2 10.174806628701855 0.9355333333333333 1524318190.6578903
2 10.231370959861902 0.9350666666666667 1524318190.936949
1 9.717004809001477 0.8834666666666666 1524318190.960315
2 10.325090442458336 0.9345333333333333 1524318191.2265525
1 9.782266649943347 0.8836333333333334 1524318191.2477367
1 9.824731859983382 0.8837333333333334 1524318191.5484388
2 10.114015612963623 0.9341666666666667 1524318191.5692565
1 9.83529857142884 0.8838 1524318191.8565576
2 9.882272753645244 0.9341666666666667 1524318191.8791244
2 9.944665942238025 0.934 1524318192.1464713
1 9.922174487118 0.8837 1524318192.1720145
2 9.907701525665269 0.9339333333333333 1524318192.437655
1 9.79641917682517 0.8839 1524318192.4703755
2 9.990022692810788 0.9336666666666666 1524318192.7494762
1 9.801843676347 0.8841 1524318192.7721484
2 10.00480083004534 0.9333666666666667 1524318193.0590882
1 9.842073473785211 0.8842333333333333 1524318193.08176
2 9.701051745006916 0.9337333333333333 1524318193.3801053
1 9.731599840766936 0.8847 1524318193.4067075
2 9.760156664550594 0.9339666666666666 1524318193.6670375
1 9.861040148625223 0.8849 1524318193.6886723
2 9.781778368692438 0.9341333333333334 1524318193.9769747
1 9.842546496247035 0.8851666666666667 1524318193.9979727
1 9.770174059588784 0.8856666666666667 1524318194.3046367
2 9.626863512446858 0.9347 1524318194.3249352
1 9.824472460568828 0.8861 1524318194.6071203
2 9.567285570441348 0.9354666666666667 1524318194.6336803
1 9.885263476307061 0.8864 1524318194.903362
2 9.514238390166758 0.9364666666666667 1524318194.92779
1 9.918825182912554 0.8866333333333334 1524318195.2020197
2 9.336030992373878 0.9382666666666667 1524318195.2601569
1 9.950929675159841 0.8868 1524318195.5093598
2 9.625810655999585 0.9393666666666667 1524318195.5509481
1 9.937776598963469 0.887 1524318195.8131855
2 9.890153918210705 0.9397333333333333 1524318195.847437
1 9.939195666348926 0.8872333333333333 1524318196.10885
2 9.861589465032505 0.9402 1524318196.1467128
1 9.888902697505257 0.8876 1524318196.415792
2 10.098001513812699 0.9402 1524318196.4528368
1 9.900789294207076 0.8879333333333334 1524318196.72206
2 10.069620166103576 0.9402 1524318196.7429657
1 9.830736193490655 0.8885 1524318197.0350142
2 9.878267321508883 0.9406333333333333 1524318197.0638235
2 10.11677745378908 0.9406333333333333 1524318197.331041
1 9.679254564790536 0.8895666666666666 1524318197.3516555
1 9.721200976001473 0.8907 1524318197.65025
1 6 frame freq 1524318197.6517642
2 9.669908556472341 0.9419333333333333 1524318197.9850636
2 6 frame freq 1524318197.9866047
1 12.133409537623464 0.8907 1524318198.022792
2 12.287164725898144 0.9419333333333333 1524318198.3097475
1 16.44678124868643 0.8819666666666667 1524318198.380397
2 17.542911621821876 0.9269 1524318198.6674654
1 16.95741662561413 0.8569333333333333 1524318198.7288303
2 16.659351439512065 0.8975 1524318199.02733
1 16.5802803944429 0.8154333333333333 1524318199.1034422
2 16.56891259657018 0.8509666666666666 1524318199.3939219
1 16.0259591043479 0.7588333333333334 1524318199.483103
2 16.264591306940837 0.7862666666666667 1524318199.7657194
1 15.363718076355232 0.6883 1524318199.8846333
2 15.458330198113487 0.7075333333333333 1524318200.1673412
1 14.136728327976039 0.6121666666666666 1524318200.3264093
2 14.608789486081884 0.6176 1524318200.588317
1 13.030572930407853 0.5338666666666667 1524318200.811235
2 13.367975274786309 0.5246 1524318201.0649285
1 11.58436778855393 0.46303333333333335 1524318201.3659852
2 12.245935477774474 0.4332666666666667 1524318201.5663893
1 9.823289904414285 0.41426666666666667 1524318202.0455203
2 11.088426625520793 0.34946666666666665 1524318202.1768472
1 8.512498886347752 0.43133333333333335 1524318202.7707367
2 9.534456285712231 0.2995333333333333 1524318202.832073
1 8.165414840291099 0.4890333333333333 1524318203.5123029
2 7.58898641092514 0.3894 1524318203.727748
1 8.87259867949895 0.5281 1524318204.1398165
2 7.789853110518034 0.5087333333333334 1524318204.3743424
1 9.770219835956064 0.5304 1524318204.722465
2 10.66388133664407 0.4877666666666667 1524318204.865318
1 10.226053271863705 0.5196 1524318205.309163
2 11.929315604137845 0.43943333333333334 1524318205.3720865
1 10.273111377420113 0.5079333333333333 1524318205.8915272
2 11.305803334910056 0.402 1524318205.9177964
1 10.312364612356504 0.49543333333333334 1524318206.4605522
2 10.320161853581967 0.384 1524318206.541102
1 10.339441333598346 0.4822666666666667 1524318207.053066
2 9.162248643417382 0.4273 1524318207.2364798
1 9.937959704432561 0.4766666666666667 1524318207.6688476
2 9.420129808448506 0.45676666666666665 1524318207.8116877
1 9.659799608699602 0.4839333333333333 1524318208.3113701
2 10.416002307862051 0.44176666666666664 1524318208.388249
1 9.621309313217758 0.49393333333333334 1524318208.91631
2 10.728067432955037 0.4197666666666667 1524318208.9364316
2 10.60141185410584 0.39986666666666665 1524318209.5102606
1 9.614999803928654 0.5052666666666666 1524318209.542656
1 9.945817980814384 0.5026666666666667 1524318210.1217644
2 9.733377489696036 0.4095 1524318210.1605787
1 10.06261638191085 0.4968 1524318210.739814
2 9.534105333563145 0.4327666666666667 1524318210.7698123
1 9.78770640825426 0.5014 1524318211.3474998
2 9.757074389154237 0.4428666666666667 1524318211.3907125
1 10.010568652321714 0.4968 1524318211.9409864
2 10.272851978005566 0.4321333333333333 1524318211.9638135
2 10.305589710000145 0.4205 1524318212.5572155
1 9.953050646843483 0.49446666666666667 1524318212.577507
2 9.971193347072592 0.417 1524318213.1418595
1 9.606958422077748 0.5078333333333334 1524318213.182912
2 10.037920031767195 0.4109 1524318213.7494812
1 9.701547655652368 0.5178666666666667 1524318213.7997928
2 9.751039538068767 0.4216 1524318214.3795514
1 10.009096179174438 0.515 1524318214.4029646
2 9.871141467003415 0.4251333333333333 1524318214.9653513
1 10.06451610115267 0.5113 1524318214.9855134
1 10.148836169669101 0.5063 1524318215.570911
2 9.812692675390641 0.43273333333333336 1524318215.596956
1 10.503168140543947 0.4959 1524318216.1389787
2 10.004587206998075 0.4286333333333333 1524318216.1666722
1 10.242258105878266 0.4890333333333333 1524318216.7444377
2 10.36410716616383 0.41686666666666666 1524318216.76807
1 9.914972338667091 0.48943333333333333 1524318217.3418777
2 9.751588854476042 0.4285333333333333 1524318217.3976784
2 9.970346484278044 0.42673333333333335 1524318217.956761
1 9.818834337999732 0.4943666666666667 1524318217.9804695
2 10.5571003305858 0.4112 1524318218.5337992
1 9.379770311303005 0.5197666666666667 1524318218.6309214
2 10.319704089909248 0.4003333333333333 1524318219.1269484
1 9.593172106134096 0.5368666666666667 1524318219.2102795
2 9.842958483552485 0.4061666666666667 1524318219.7525184
1 10.430940662382067 0.5298333333333334 1524318219.7726853
1 10.506441150803946 0.5213666666666666 1524318220.351058
2 9.507120165055845 0.434 1524318220.3830552
1 10.086557421994504 0.5189 1524318220.9552236
2 9.948236498885297 0.4345333333333333 1524318220.9758625
2 10.398485217985668 0.42333333333333334 1524318221.5420902
1 10.04156688235992 0.5170666666666667 1524318221.5640202
1 10.391634021683851 0.5099333333333333 1524318222.1102238
2 10.361345325338371 0.4126666666666667 1524318222.1297805
1 10.34366801817654 0.5032333333333333 1524318222.7097023
2 9.548028978608603 0.43866666666666665 1524318222.7959182
1 9.918993029592555 0.5052 1524318223.3196254
2 9.420038255713955 0.4739333333333333 1524318223.388712
1 9.864740404979775 0.5098 1524318223.9244668
2 10.404726062723856 0.4642 1524318223.9450798
1 10.154275927980013 0.5062 1524318224.5088491
2 10.672517811269538 0.44843333333333335 1524318224.5291538
2 10.91282085126792 0.4271333333333333 1524318225.04483
1 10.245058093676457 0.5011333333333333 1524318225.0928483
2 10.540697132313069 0.41323333333333334 1524318225.65353
1 9.844911608556117 0.5066666666666667 1524318225.7204254
2 9.500535997563109 0.44316666666666665 1524318226.3090503
1 9.771554980001518 0.5158666666666667 1524318226.330001
2 9.662927660463248 0.46353333333333335 1524318226.9004679
1 10.00797465817626 0.5150333333333333 1524318226.9207246
2 10.559770618676716 0.45056666666666667 1524318227.4420571
1 9.999261889605338 0.5143333333333333 1524318227.521685
2 10.835802113331484 0.4313 1524318228.0061388
1 10.210283313338248 0.5104333333333333 1524318228.1106908
2 10.56143382668763 0.4174333333333333 1524318228.5782576
1 10.02642253418718 0.5091666666666667 1524318228.7181938
2 10.246034656178278 0.4100666666666667 1524318229.1767218
1 9.766748461437876 0.5189 1524318229.3257217
2 10.0158863403199 0.40753333333333336 1524318229.7757332
1 10.233697925198266 0.5149666666666667 1524318229.8913288
2 9.662752184388694 0.42733333333333334 1524318230.4170063
1 10.30014232229468 0.5098666666666667 1524318230.4898605
2 9.88443950169615 0.43333333333333335 1524318230.9912963
1 10.2575855595201 0.5052333333333333 1524318231.061087
2 10.194032702956415 0.42783333333333334 1524318231.5937023
1 10.182512317192769 0.5015333333333334 1524318231.6804469
2 10.273027454080117 0.4205 1524318232.169011
1 9.734956774366935 0.5126 1524318232.3080475
2 10.456010852858451 0.409 1524318232.7501433
1 9.779397997594252 0.5222 1524318232.9110823
2 10.06872752694177 0.40563333333333335 1524318233.3497834
1 10.027864489756281 0.5217666666666667 1524318233.4896307
2 9.950250659045306 0.40696666666666664 1524318233.9462364
1 10.287591968267396 0.5173666666666666 1524318234.0626621
2 9.794275316957902 0.41856666666666664 1524318234.5770476
1 10.25268748822191 0.5133 1524318234.6609533
2 9.418069871921231 0.4553 1524318235.2268856
1 10.211412463730968 0.5097 1524318235.2505436
2 9.65916636895233 0.4774 1524318235.817461
1 10.236391101472814 0.5055666666666667 1524318235.8383737
2 10.546548877929425 0.4659 1524318236.3630347
1 10.019273791498083 0.5045666666666667 1524318236.449604
2 11.125452077249907 0.44143333333333334 1524318236.9146051
1 9.98644450676897 0.5044666666666666 1524318237.0489554
2 10.605760608996755 0.4276333333333333 1524318237.488043
1 9.98859599603079 0.5043 1524318237.649776
2 10.101442370752697 0.4245 1524318238.085844
1 9.999612841754427 0.5036666666666667 1524318238.2335968
2 10.200708423183695 0.41913333333333336 1524318238.665911
1 10.018892321770808 0.5027333333333334 1524318238.832124
2 10.081193957629042 0.41623333333333334 1524318239.2763066
1 10.01860240477808 0.5017666666666667 1524318239.431313
2 10.058153186101755 0.4138 1524318239.856985
1 10.058160815496302 0.5002 1524318240.0263608
2 10.240213428140084 0.4073333333333333 1524318240.451633
1 10.003404650843526 0.49943333333333334 1524318240.6313674
2 9.972253832914415 0.4078 1524318241.0612023
1 9.678735765961434 0.5134333333333333 1524318241.279579
2 9.662118944641426 0.4287666666666667 1524318241.6914055
1 9.78907206987789 0.5230666666666667 1524318241.8565102
2 10.082468066518135 0.42633333333333334 1524318242.2502952
1 10.002092394981709 0.5234666666666666 1524318242.4644613
2 10.349298511351082 0.418 1524318242.849715
1 10.193132434400045 0.5209333333333334 1524318243.0493453
2 9.767946276381508 0.4324 1524318243.4810016
1 10.471452747418457 0.5140666666666667 1524318243.6186626
2 10.223238025276437 0.4271 1524318244.0265293
1 10.347131763300169 0.5087666666666667 1524318244.1978688
2 9.845277819494303 0.4367666666666667 1524318244.7000678
1 10.082674060170872 0.5072666666666666 1524318244.8016136
2 9.62716105883413 0.4610666666666667 1524318245.2696054
1 9.960870776252584 0.5087333333333334 1524318245.4009352
2 10.89063457192971 0.442 1524318245.800711
1 10.26639751022011 0.5044666666666666 1524318245.9691734
2 10.763299976965968 0.4251666666666667 1524318246.3834326
1 10.218011890012802 0.5007333333333334 1524318246.5909462
2 10.43139079666024 0.4151666666666667 1524318246.950503
1 10.01003459470353 0.5 1524318247.1680377
2 10.061929736401755 0.4130333333333333 1524318247.5767472
1 10.254289661076463 0.49556666666666666 1524318247.7453167
2 9.813226733008822 0.4245333333333333 1524318248.172759
1 7.10469533336292 0.6726666666666666 1524318248.3758636
1 4 frame freq 1524318248.3773682
2 6.853581441293625 0.6910333333333334 1524318248.7969675
2 4 frame freq 1524318248.7987394
1 7.3844270843722475 0.6726666666666666 1524318248.8496926
2 7.434704794426833 0.6910333333333334 1524318249.2291434
1 7.900025382451764 0.6821 1524318249.262907
2 8.324991256603958 0.6950666666666667 1524318249.615888
1 9.35321238889026 0.6867 1524318249.6597056
2 9.978784594645324 0.6953 1524318249.9954135
1 9.855402026056133 0.6884 1524318250.0687556
2 10.261903796832836 0.6952 1524318250.3979495
1 9.950922045765296 0.6895333333333333 1524318250.4698849
2 10.233766589749177 0.6951333333333334 1524318250.7875035
1 9.930597338696192 0.6908333333333333 1524318250.8685343
2 10.195970569170957 0.6950666666666667 1524318251.172411
1 9.915720019332548 0.6922333333333334 1524318251.2781818
2 10.450426136051167 0.6947333333333333 1524318251.5482903
1 9.955293688839857 0.6934333333333333 1524318251.677783
2 10.469247852394819 0.6943666666666667 1524318251.9331682
1 9.89031413549616 0.6950666666666667 1524318252.082036
2 10.478433643427557 0.6939666666666666 1524318252.3173575
1 9.920206103325276 0.6965333333333333 1524318252.4852142
2 10.381273303891115 0.6936666666666667 1524318252.701692
1 10.003725085414436 0.6975333333333333 1524318252.8753915
2 10.709924732725929 0.693 1524318253.0552492
1 10.103303943021789 0.6983 1524318253.2682223
2 10.853113209555143 0.6921333333333334 1524318253.4236166
1 10.147760425038197 0.6989666666666666 1524318253.6676693
2 10.890283619780618 0.6912 1524318253.804632
1 10.151552234127289 0.6996 1524318254.0596786
2 10.438158069622075 0.6907 1524318254.20438
1 10.027734790049 0.7005 1524318254.4652548
2 10.245767627369185 0.6904 1524318254.5939624
1 10.095216784803602 0.7012333333333334 1524318254.8576295
2 10.32245067194561 0.6900333333333334 1524318254.964336
1 9.999177966265341 0.7021666666666667 1524318255.258986
2 10.632249866858592 0.6893 1524318255.3380759
1 10.231142078025528 0.7026 1524318255.6423023
2 10.844461476140593 0.6883 1524318255.701857
1 10.155206714114566 0.7032 1524318256.0384178
2 10.936441456780656 0.6871666666666667 1524318256.0621912
1 10.183870349421857 0.7037 1524318256.4375935
2 10.848794972242414 0.6860666666666667 1524318256.4607782
2 10.67778972290045 0.6851333333333334 1524318256.827223
1 10.05959514167084 0.7044333333333334 1524318256.8479314
2 10.491022144427568 0.6843666666666667 1524318257.205904
1 10.10347941909634 0.7051 1524318257.2268236
2 10.406702075911138 0.6836666666666666 1524318257.592681
1 10.15649608179275 0.7056333333333333 1524318257.6173434
2 10.486894641978479 0.6828666666666666 1524318257.9708343
1 10.159219775645475 0.7061333333333333 1524318258.0164945
2 10.349840198363811 0.6822 1524318258.3655398
1 10.246049914967362 0.7064333333333334 1524318258.3967679
2 10.366975818512923 0.6815 1524318258.7498848
1 10.245843921314643 0.7067 1524318258.7871697
2 10.348894153440183 0.6808 1524318259.1310875
1 10.289964709971033 0.7068666666666666 1524318259.1837192
2 10.42736247634024 0.6799666666666667 1524318259.5163443
1 10.259805713332828 0.7070666666666666 1524318259.566935
2 10.347368274531085 0.6792 1524318259.9094257
1 10.2997761113565 0.7071333333333333 1524318259.9513075
2 10.500696216711207 0.6782333333333334 1524318260.2751179
1 10.224084888070978 0.7073333333333334 1524318260.3535764
2 10.492662464254842 0.6772333333333334 1524318260.6588824
1 10.100442920067238 0.7077666666666667 1524318260.7549994
2 10.646348987978609 0.6760333333333334 1524318261.035329
1 10.02680400391446 0.7083666666666667 1524318261.148158
2 10.424951587663877 0.6750333333333334 1524318261.424008
1 10.002176318321714 0.709 1524318261.5553856
2 10.59893993027311 0.6737666666666666 1524318261.793078
1 9.956285510130765 0.7099333333333333 1524318261.959892
2 10.40842631907841 0.6727 1524318262.1882796
1 9.816789660261561 0.7117666666666667 1524318262.3743925
2 10.307283435589227 0.6717 1524318262.5870743
1 9.866601977248871 0.7133333333333334 1524318262.7709763
2 10.197916064780056 0.6708333333333333 1524318262.9684107
1 9.848505053387033 0.7150666666666666 1524318263.178877
2 10.377679859060194 0.6697 1524318263.344652
1 10.091714892707232 0.7157 1524318263.5589657
2 10.614709888798576 0.6682333333333333 1524318263.7167819
1 10.192628894360045 0.7161 1524318263.9464839
2 10.449304615052991 0.6669 1524318264.1187835
1 10.377122913258386 0.7161 1524318264.3341858
2 10.186670337220047 0.6658666666666667 1524318264.522632
1 10.338327441994716 0.7161333333333333 1524318264.7232075
2 9.964876208388956 0.6651666666666667 1524318264.9211674
1 10.340326343365618 0.7161333333333333 1524318265.1069088
2 10.064470324785397 0.6642666666666667 1524318265.3114552
1 10.323892627514704 0.7161333333333333 1524318265.4984403
2 10.323686633861977 0.6630333333333334 1524318265.6846814
1 10.276727710434665 0.7162 1524318265.8880694
2 10.29035380909285 0.6618 1524318266.0949333
1 10.151033435298189 0.7165 1524318266.2873394
2 9.947153124859842 0.6611 1524318266.5166717
1 10.194322619949146 0.7167 1524318266.6843407
2 9.916856799119815 0.6605333333333333 1524318266.8950887
1 10.222490344610975 0.7168333333333333 1524318267.062978
2 10.010202441383528 0.6596666666666666 1524318267.2854483
1 10.175577197550941 0.7170333333333333 1524318267.4687676
2 10.324594531812883 0.6584 1524318267.6795378
1 10.155412707767287 0.7172666666666667 1524318267.8590872
2 10.235422168365536 0.6572333333333333 1524318268.068084
1 10.104547534332696 0.7175666666666667 1524318268.2500143
2 9.97487071524351 0.6564 1524318268.4891376
1 10.289217029305584 0.7174666666666667 1524318268.6358004
2 10.042184863318099 0.6554333333333333 1524318268.8721936
1 10.362451587547467 0.7172 1524318269.0146246
2 9.841981921050662 0.6551333333333333 1524318269.2875233
1 10.309343372116501 0.717 1524318269.413996
2 10.081842456165406 0.6542 1524318269.6790676
1 10.320604358465602 0.7167666666666667 1524318269.7955706
2 9.822931322870645 0.6540333333333334 1524318270.0936797
1 10.245431934009186 0.7166333333333333 1524318270.1912215
2 9.999925646930793 0.6532333333333333 1524318270.4978538
1 10.321931873116519 0.7163333333333334 1524318270.5762258
2 9.907632861114353 0.6528 1524318270.8937805
1 10.255907092720106 0.7161333333333333 1524318270.966
2 9.952699694694394 0.6522 1524318271.3007452
1 10.242967639570997 0.7159333333333333 1524318271.3619394
2 9.812242541112461 0.6521666666666667 1524318271.7135024
1 10.289629016611041 0.7156333333333333 1524318271.7458794
2 9.743204149870586 0.6524666666666666 1524318272.1223252
1 10.238847766516448 0.7154 1524318272.1437163
2 9.814233813088823 0.6525666666666666 1524318272.5230563
1 10.156618152105471 0.7153333333333334 1524318272.5432796
2 10.033082995625376 0.652 1524318272.9074008
1 10.127107654003636 0.7153 1524318272.9302764
2 10.292306934096498 0.6511 1524318273.2886496
1 10.17792705107094 0.7151666666666666 1524318273.3179984
2 10.316766773009238 0.6501333333333333 1524318273.6848824
1 10.25983623091101 0.7148333333333333 1524318273.7077057
2 10.364915881985644 0.6491 1524318274.0652432
1 10.208002124369148 0.7145666666666667 1524318274.1045055
2 9.975763354405318 0.6485666666666666 1524318274.4915173
1 9.968469653219863 0.7149333333333333 1524318274.5211246
2 9.93755534652165 0.6482 1524318274.8931715
1 9.932130846999831 0.7155333333333334 1524318274.9156005
2 9.77906993362879 0.6484333333333333 1524318275.2920942
1 9.930276904125284 0.7161666666666666 1524318275.3139942
1 10.165208850363667 0.7160333333333333 1524318275.7022283
2 9.896646532968887 0.6483 1524318275.7227213
1 10.273340259256472 0.7156666666666667 1524318276.084019
2 9.837999377097939 0.6484 1524318276.1131778
1 10.231386218650991 0.7153666666666667 1524318276.484352
2 9.900857958757985 0.6483 1524318276.5062227
1 10.225564990612808 0.7150333333333333 1524318276.880365
2 9.935327563314384 0.6481 1524318276.9120452
1 10.043855700723565 0.7150666666666666 1524318277.2785473
2 10.063142810134487 0.6476 1524318277.3049953
1 10.24968913616555 0.7146666666666667 1524318277.6541836
2 9.926477465641646 0.6474333333333333 1524318277.7126372
1 10.27265361374738 0.7142 1524318278.0486286
2 10.141389880592737 0.6468333333333334 1524318278.09788
1 10.297517810571044 0.7136666666666667 1524318278.4445157
2 10.092020068489054 0.6463 1524318278.4944465
1 10.12822154560726 0.7134666666666667 1524318278.8398502
2 10.237306628818269 0.6455666666666666 1524318278.8842092
1 10.09319499524905 0.7133 1524318279.2348351
2 10.035265002465378 0.6450666666666667 1524318279.2930686
1 10.174364123818215 0.7129666666666666 1524318279.6238594
2 10.114755664234533 0.6444666666666666 1524318279.6808684
1 10.298212085474686 0.7123666666666667 1524318280.0050266
2 10.0205021240199 0.6439666666666667 1524318280.0806193
1 10.159357104747286 0.7120333333333333 1524318280.413918
2 10.204767261081873 0.6432666666666667 1524318280.4707208
1 10.20656016880006 0.7115666666666667 1524318280.8046827
2 9.92606547833619 0.6430666666666667 1524318280.8890853
1 10.102624926907243 0.7113 1524318281.1918077
2 9.906686816190714 0.6429666666666667 1524318281.2919655
1 10.261636768023747 0.7107 1524318281.5843852
2 9.875680956757973 0.643 1524318281.683989
1 10.215372119500069 0.7101666666666666 1524318281.9757385
2 10.041101489292656 0.6425333333333333 1524318282.0850527
1 10.192728076489132 0.7096666666666667 1524318282.368841
2 10.01815989989445 0.6421 1524318282.4895415
1 10.076036486916312 0.7094 1524318282.7740245
2 9.928735766427097 0.6419333333333334 1524318282.890577
1 10.08131602794177 0.7091 1524318283.1653435
2 10.07534221201268 0.6414333333333333 1524318283.2755506
1 10.082040820423593 0.7088 1524318283.5601501
2 10.255479846625548 0.6407 1524318283.6623697
1 10.171167407503663 0.7083 1524318283.9615812
2 10.382120166685658 0.6398 1524318284.047992
1 9.908716235139813 0.7087333333333333 1524318284.3777673
2 10.26095775190919 0.6390333333333333 1524318284.447457
1 9.940889391938022 0.709 1524318284.7667856
2 9.943803820654386 0.6387666666666667 1524318284.8676755
1 9.966714892474402 0.7091 1524318285.1567328
2 9.509187730977661 0.6402333333333333 1524318285.307959
1 10.23879436075463 0.7085 1524318285.5508428
2 9.517892870154029 0.6418333333333334 1524318285.7075603
1 10.27504924363466 0.7078 1524318285.942009
2 9.871957812219781 0.6421333333333333 1524318286.082981
1 10.100786242821792 0.7074333333333334 1524318286.3458679
2 10.165964160423668 0.6417333333333334 1524318286.4874663
1 10.099931750632704 0.7070666666666666 1524318286.7363591
2 10.287263904301938 0.6411666666666667 1524318286.8739874
1 9.968416247458046 0.7071 1524318287.1397789
2 10.074419055272678 0.6408666666666667 1524318287.2732432
1 10.154298816163658 0.7066333333333333 1524318287.526395
2 10.181428943167314 0.6404333333333333 1524318287.6664095
1 10.149705920647284 0.7061666666666667 1524318287.9169981
2 10.124940905952712 0.6400666666666667 1524318288.0591688
1 10.08116344005086 0.7058333333333333 1524318288.33073
2 10.022020373534447 0.6398 1524318288.4721034
1 10.073938403416319 0.7055 1524318288.7191052
2 9.837732348288844 0.6402 1524318288.8861651
1 9.940759692230746 0.7057 1524318289.1245222
2 9.704454454974188 0.6411666666666667 1524318289.294873
1 10.126031909372715 0.7052666666666667 1524318289.5187302
2 9.767107042981515 0.6419333333333334 1524318289.701082
1 10.221818957890976 0.7046 1524318289.8918025
2 9.945360217141655 0.642 1524318290.0929377
1 10.170145068634572 0.7040333333333333 1524318290.3045325
2 10.053773913632654 0.6418 1524318290.487669
1 10.22907451210371 0.7033333333333334 1524318290.6896286
2 10.022119555663538 0.6416333333333334 1524318290.89886
1 10.229806933980075 0.7026 1524318291.0656474
2 10.107339892736334 0.6413666666666666 1524318291.2801914
1 10.266366992641931 0.7017666666666666 1524318291.4731207
2 9.877504382054338 0.6417333333333334 1524318291.702554
1 10.23055461464553 0.701 1524318291.862444
2 10.012933764630805 0.6416 1524318292.0970767
1 10.185472522276402 0.7003 1524318292.2475436
2 9.81729320030155 0.6422 1524318292.5054936
1 10.26083568159647 0.6994333333333334 1524318292.6432123
2 9.95433238512712 0.6422666666666667 1524318292.9074497
1 10.249506030696452 0.6985666666666667 1524318293.0320823
2 10.150613818598188 0.6419666666666667 1524318293.2790823
1 9.928621325508924 0.6986333333333333 1524318293.454666
2 10.43273357010024 0.6413 1524318293.6522567
1 9.996011767528975 0.6983 1524318293.8434706
2 10.71200755743684 0.6402333333333333 1524318294.0278296
1 9.966524157610765 0.6981666666666667 1524318294.2361395
2 10.15979960963093 0.6398666666666667 1524318294.4601998
1 10.088556323365422 0.6976333333333333 1524318294.6444204
2 10.05812266852357 0.6396333333333334 1524318294.845193
1 10.067003283774485 0.6971333333333334 1524318295.03585
2 10.085680041621771 0.6393666666666666 1524318295.2177947
1 9.917039904588915 0.6973 1524318295.4443989
2 10.451044117009348 0.6386 1524318295.6080718
1 9.909784350376182 0.6975333333333333 1524318295.855118
2 10.38634685126384 0.6379333333333334 1524318296.0022833
1 9.984148059010781 0.6973333333333334 1524318296.2367113
2 9.809114489348827 0.6385333333333333 1524318296.4405901
1 9.883279833725247 0.6977666666666666 1524318296.6589613
2 9.670404467117804 0.6397 1524318296.8479133
1 10.111124072430888 0.6972666666666667 1524318297.0411618
2 9.669458422194161 0.6409333333333334 1524318297.2425578
1 9.918039355274367 0.6975 1524318297.4495792
2 9.940858874359835 0.6411 1524318297.658101
