bud 4 1519825943.6895795 4500 6.258904468750402
bud 4 1519825944.3596222 5000 10.784959828080543
bud 4 1519825945.039799 5500 14.927560848980326
bud 4 1519825945.6103687 6000 14.658678097014656
bud 4 1519825946.199591 6500 17.457950684163627
bud 4 1519825946.7055492 7000 17.234790893708904
bud 4 1519825947.2000763 7500 19.68960962386729
bud 4 1519825947.6221828 8000 19.93346033232932
bud 4 1519825948.0525713 8000 23.700061901845153
bud 4 1519825948.4819 8000 22.820163828917153
bud 4 1519825948.9092867 8000 23.291141612997556
bud 4 1519825949.330319 8000 23.404056652270366
bud 4 1519825949.748936 8000 23.775287732063415
bud 4 1519825950.1573355 8000 23.85576258572893
bud 4 1519825950.5882776 8000 24.478336439427608
bud 4 1519825951.02066 8000 23.20419703275748
5 init
bud 4 1519825951.4479856 8000 23.13989649552833
bud 4 1519825951.8804939 8000 23.39925013370674
bud 5 1519825952.0194077 4500 6.223946582943101
bud 4 1519825952.3098464 8000 23.130664928128315
bud 5 1519825952.69948 5000 10.28452495166013
bud 4 1519825952.732463 8000 23.28285609052117
bud 4 1519825953.1684182 8000 23.656513317779662
bud 5 1519825953.4093492 5500 14.506052059132706
bud 4 1519825953.611834 8000 22.927814585953616
bud 5 1519825954.0094533 6000 14.092096369885091
bud 4 1519825954.0541003 8000 22.5740243020915
bud 4 1519825954.498661 8000 22.599094492567872
bud 5 1519825954.5995297 6500 16.727253050966652
bud 4 1519825954.9375143 8000 22.488041025564154
bud 5 1519825955.1094441 7000 17.09820947255607
bud 4 1519825955.3636491 8000 22.907581431619036
bud 5 1519825955.6360462 7500 19.271228885783312
bud 4 1519825955.8017144 8000 23.46127711136133
bud 5 1519825956.0792851 8000 19.342792606619746
bud 4 1519825956.2501712 8000 22.72810755433162
bud 5 1519825956.5072756 8000 22.24779139132758
bud 4 1519825956.6935136 8000 22.29674158673128
bud 5 1519825956.9745624 8000 22.756870371768024
bud 4 1519825957.148758 8000 22.545810801062384
bud 5 1519825957.3943114 8000 21.871265511720008
bud 4 1519825957.5936933 8000 21.95068750893825
bud 5 1519825957.8332963 8000 23.274402721364805
bud 4 1519825958.0495358 8000 22.48227320328779
bud 5 1519825958.2626493 8000 22.767780405968036
bud 4 1519825958.4937472 8000 21.93593225988733
bud 5 1519825958.6841671 8000 23.294910533902996
bud 4 1519825958.9342582 8000 22.730030161757078
bud 5 1519825959.1241546 8000 23.719455822779725
bud 4 1519825959.384407 8000 22.483203989422346
bud 5 1519825959.5913122 8000 22.742481333655274
bud 4 1519825959.8220036 8000 22.35355005851676
bud 5 1519825960.016575 8000 22.028644662403778
bud 4 1519825960.2636752 8000 22.705448252531607
bud 5 1519825960.4642365 8000 22.90607081149904
bud 4 1519825960.7017362 8000 22.76356898017892
bud 5 1519825960.8999584 8000 22.265323739993075
bud 4 1519825961.1420557 8000 22.708011729098878
bud 5 1519825961.3293693 8000 22.920276744142694
bud 4 1519825961.583897 8000 22.711795908793427
bud 5 1519825961.7741737 8000 23.27864466473207
bud 4 1519825962.0236766 8000 22.658969980960673
bud 5 1519825962.2336276 8000 22.776569468484404
bud 4 1519825962.4711876 8000 22.7177163189607
bud 5 1519825962.6715205 8000 21.58874903170159
bud 4 1519825962.914706 8000 22.332996469611288
bud 5 1519825963.124535 8000 22.734073740866165
bud 4 1519825963.3545995 8000 22.751102549491648
bud 5 1519825963.5606012 8000 22.56186304718604
bud 4 1519825963.8136911 8000 22.87396631925174
bud 5 1519825963.9898791 8000 22.432575327218668
bud 4 1519825964.247332 8000 21.72604761594171
bud 5 1519825964.444183 8000 23.293720348353922
bud 4 1519825964.6779873 8000 22.768650156946197
bud 5 1519825964.9045699 8000 22.329517465698558
bud 4 1519825965.1018956 8000 23.22432337556841
bud 5 1519825965.3466766 8000 21.885334115261838
bud 4 1519825965.5395033 8000 23.584171398699617
bud 5 1519825965.7929575 8000 22.220127206705747
bud 4 1519825965.96618 8000 22.85684595789174
bud 5 1519825966.2415433 8000 22.297489267396735
bud 4 1519825966.3941705 8000 23.540668591001392
bud 5 1519825966.6765978 8000 22.29816065411674
bud 4 1519825966.8441384 8000 23.46796046098315
bud 5 1519825967.1228118 8000 23.094028575521026
bud 4 1519825967.2740872 8000 22.36729822748769
bud 5 1519825967.5700772 8000 22.308445077964013
bud 4 1519825967.70374 8000 23.19261561183747
bud 5 1519825968.0240974 8000 22.346439462800415
bud 4 1519825968.130697 8000 22.98447046984821
bud 5 1519825968.4735162 8000 22.198108774047544
bud 4 1519825968.566687 8000 23.422443493124916
bud 5 1519825968.9137228 8000 22.551273447556937
bud 4 1519825968.98995 8000 23.04555140257917
bud 5 1519825969.346738 8000 22.425434213924095
bud 4 1519825969.4235456 8000 23.49953089561226
bud 5 1519825969.7841065 8000 23.01044092888094
bud 4 1519825969.8442569 8000 23.373142345572155
bud 5 1519825970.2324495 8000 22.838276011568095
bud 4 1519825970.2773972 8000 23.71303187257244
bud 5 1519825970.674089 8000 22.215839486971195
bud 4 1519825970.6974075 8000 22.835788828946264
bud 5 1519825971.107984 8000 22.88893519134995
bud 4 1519825971.1211166 8000 23.80054102800887
bud 5 1519825971.5528817 8000 22.802723032986247
bud 4 1519825971.553331 8000 23.59766016825598
bud 5 1519825971.9832075 8000 22.772785288789834
bud 4 1519825971.983571 8000 23.160877330528358
bud 4 1519825972.4036722 8000 23.26900111002661
bud 5 1519825972.444025 8000 22.9157296249936
bud 4 1519825972.8246202 8000 23.99049769340175
bud 5 1519825972.8836944 8000 21.940784554818247
bud 4 1519825973.2577038 8000 23.701419934074256
bud 5 1519825973.3043008 8000 22.68227015190251
bud 4 1519825973.67741 8000 22.936847789095424
bud 5 1519825973.72791 8000 23.682788952594233
bud 4 1519825974.0935915 8000 23.82182703879072
bud 5 1519825974.1467676 8000 23.48831568563043
bud 4 1519825974.5131905 8000 24.01854334775087
bud 5 1519825974.5843475 8000 24.00658045710359
bud 4 1519825974.9335449 8000 23.82919703392162
bud 5 1519825975.012101 8000 23.048725230710065
bud 4 1519825975.3530545 8000 24.02400599424543
bud 5 1519825975.4442978 8000 23.052494151615534
bud 4 1519825975.7838805 8000 23.615757092117803
bud 5 1519825975.8741932 8000 23.359409435390337
bud 4 1519825976.1920812 8000 23.568302258045037
bud 5 1519825976.3115451 8000 23.251560314095705
bud 4 1519825976.6238482 8000 24.110660657492758
bud 5 1519825976.7436795 8000 22.66014490772067
bud 4 1519825977.0301175 8000 23.670322521906947
bud 5 1519825977.1970448 8000 23.154514415477436
bud 4 1519825977.4477851 8000 24.061878308769106
bud 5 1519825977.6336958 8000 22.05540857846925
bud 4 1519825977.8831606 8000 23.942646130812637
bud 5 1519825978.0761142 8000 23.13670740860832
bud 4 1519825978.3001928 8000 22.96722803817547
bud 5 1519825978.4938557 8000 22.48384485856416
bud 4 1519825978.733916 8000 23.968967541994463
bud 5 1519825978.9366963 8000 23.901661023314404
bud 4 1519825979.1610532 8000 23.444172008790392
bud 5 1519825979.3809786 8000 22.496006113469623
bud 4 1519825979.6093068 8000 23.023105723826408
bud 5 1519825979.833803 8000 22.506870371302362
bud 4 1519825980.0192215 8000 22.316928964698565
bud 5 1519825980.2635002 8000 22.42195521001137
bud 4 1519825980.4438488 8000 24.38818751347846
bud 5 1519825980.6940818 8000 23.175495250477464
bud 4 1519825980.8614032 8000 23.83391199975072
bud 5 1519825981.1101072 8000 23.327121837673943
bud 4 1519825981.2862403 8000 23.667835339285126
bud 5 1519825981.5337203 8000 23.640720471070576
bud 4 1519825981.7131703 8000 23.641849621463283
bud 5 1519825981.9484162 8000 23.785297497707035
bud 4 1519825982.1321068 8000 23.675281628361514
bud 5 1519825982.3637288 8000 23.929630383718077
bud 4 1519825982.5433376 8000 23.500965221786814
bud 5 1519825982.7767646 8000 24.185703382241933
bud 4 1519825983.0376744 8000 24.329074964540226
Exiting  Thread-2
bud 5 1519825983.201855 8000 24.103550061776406
bud 5 1519825983.6015103 8000 23.52511988491773
bud 5 1519825984.026902 7900 25.020115004889885
bud 5 1519825984.418031 7900 24.497135267587634
bud 5 1519825984.8219016 7900 24.497135267587645
bud 5 1519825985.235795 7900 24.76031886182784
bud 5 1519825985.6400177 7900 24.27942286483836
bud 5 1519825986.0338242 7900 24.614139662336836
bud 5 1519825986.4586275 7800 25.45303736897752
bud 5 1519825986.8524857 7800 24.341205701867516
bud 5 1519825987.261103 7800 24.466800794874878
bud 5 1519825987.6717658 7800 24.46600733784215
bud 5 1519825988.0871582 7800 24.340351209678406
bud 5 1519825988.489152 7800 24.082920178925477
bud 5 1519825988.8974488 7800 24.865909682337037
bud 5 1519825989.3036003 7800 24.487568006827626
bud 5 1519825989.7121432 7800 24.733814345176924
bud 5 1519825990.1361904 7800 24.369358167740252
bud 5 1519825990.5519562 7800 23.701770886223343
bud 5 1519825990.9576612 7800 23.934040173765347
bud 5 1519825991.4514823 7800 24.65053187431868