1 10.781862293895086 0.99 1524263712.922299
1 10.55098155616035 0.99 1524263713.211763
1 10.64675334588952 0.99 1524263713.4809346
2 10.679384266360445 0.99 1524263713.5556598
1 10.653406177933157 0.99 1524263713.7599924
2 10.637659107591327 0.99 1524263713.8326986
1 10.821634327660572 0.99 1524263714.0325603
2 10.443788562796623 0.99 1524263714.1272545
1 10.870958363396978 0.99 1524263714.3198404
2 10.555833851091256 0.99 1524263714.418211
1 10.823686634793301 0.99 1524263714.5968163
2 10.554338489760347 0.99 1524263714.692936
1 10.750482594129599 0.99 1524263714.8754065
2 10.596155201264022 0.99 1524263714.9665494
1 10.613130604127663 0.99 1524263715.1623526
2 10.325822864334702 0.99 1524263715.2906609
1 10.739542042351415 0.99 1524263715.4370813
2 10.553384815442165 0.99 1524263715.5554047
1 10.706041370902284 0.99 1524263715.7143881
2 10.239702258705535 0.99 1524263715.8653767
1 10.796731983864179 0.99 1524263715.9917004
2 10.079790149032684 0.99 1524263716.1561568
1 10.700593983196837 0.99 1524263716.2850072
2 10.075334582618128 0.99 1524263716.4807713
1 10.653345142776793 0.99 1524263716.564082
2 10.023416552736277 0.99 1524263716.751575
1 10.687219654558636 0.99 1524263716.8408723
2 10.441827808398436 0.99 1524263717.0138104
1 10.815507923840562 0.99 1524263717.1008759
2 10.621149097794945 0.99 1524263717.2867436
1 10.79014781637145 0.99 1524263717.3999984
2 11.196321523182695 0.99 1524263717.5509958
1 10.616724048958577 0.99 1524263717.6942153
2 10.627359424954957 0.99 1524263717.880698
1 10.628030811674948 0.99 1524263717.9652798
2 10.183244739069137 0.99 1524263718.1926198
1 10.380716358089295 0.99 1524263718.25425
2 10.163888965107303 0.99 1524263718.467586
1 10.611673389769491 0.99 1524263718.5285351
2 9.849489245283406 0.99 1524263718.769749
1 10.815935169935106 0.99 1524263718.8023071
2 10.140146289281818 0.99 1524263719.0649352
1 10.738954578971402 0.99 1524263719.0861614
2 10.473283802109366 0.99 1524263719.3402035
1 10.901956593435173 0.99 1524263719.3614385
1 10.74009898815323 0.99 1524263719.6487093
2 10.006830248994435 0.99 1524263719.6793008
1 10.665529285865897 0.99 1524263719.9270973
2 10.161912951920021 0.99 1524263719.9530768
1 10.607576404898573 0.99 1524263720.2185
2 10.229486499409163 0.99 1524263720.2409074
1 10.54391673681125 0.99 1524263720.4958234
2 10.199869189783685 0.99 1524263720.5184338
1 10.651834522656793 0.99 1524263720.7734635
2 10.697412525671373 0.99 1524263720.794217
1 10.643663441098601 0.99 1524263721.0551283
2 10.324846301832878 0.99 1524263721.1107981
1 10.794054066378722 0.99 1524263721.3235846
2 10.382043872740207 0.99 1524263721.3917475
1 10.794229542453275 0.99 1524263721.604974
2 10.180673633107304 0.99 1524263721.6938486
1 10.831041371135127 0.99 1524263721.8786812
2 10.043626818887194 0.99 1524263721.9835408
1 10.816774403335103 0.99 1524263722.1659894
2 10.045351062054475 0.99 1524263722.3037815
1 10.836740528860576 0.99 1524263722.435206
2 10.211053882187334 0.99 1524263722.568321
1 10.750085865613231 0.99 1524263722.7191844
2 10.06969646004904 0.99 1524263722.8847454
1 10.740922962764134 0.99 1524263722.9990296
2 10.008012805148983 0.99 1524263723.1843011
1 10.565515552769442 0.99 1524263723.2971742
2 10.211290393418249 0.99 1524263723.479508
1 10.519121204538497 0.99 1524263723.5731907
2 9.880464587137972 0.99 1524263723.7829947
1 10.575456653862178 0.99 1524263723.8564942
2 9.874490771208873 0.99 1524263724.1014385
1 10.555048023453077 0.99 1524263724.1364896
2 10.10312846694724 0.99 1524263724.3752196
1 10.736475025744127 0.99 1524263724.4167092
1 10.633836780924044 0.99 1524263724.7011724
2 9.826242480103378 0.99 1524263724.7239628
2 10.013261828596265 0.99 1524263724.9872036
1 10.617075001107668 0.99 1524263725.017832
2 10.3491001470929 0.99 1524263725.26057
1 10.442239795703884 0.99 1524263725.2828717
2 10.097505603167244 0.99 1524263725.5617952
1 10.460466419273002 0.99 1524263725.5876963
1 10.593622242274927 0.99 1524263725.835873
2 10.553468738782158 0.99 1524263725.8583782
1 10.635454212567693 0.99 1524263726.118129
2 10.603250538191302 0.99 1524263726.149775
1 10.712778126285928 0.99 1524263726.4088342
2 10.294221912127405 0.99 1524263726.438162
1 10.647554432316783 0.99 1524263726.691122
2 10.2948246342965 0.99 1524263726.7277236
1 10.557588611836708 0.99 1524263726.9752746
2 10.205560718114603 0.99 1524263727.0194259
1 10.300775562041952 0.99 1524263727.2797055
2 10.260583911576468 0.99 1524263727.3051782
1 10.269754443820114 0.99 1524263727.5705063
2 10.427392993918419 0.99 1524263727.592529
1 10.278810535145574 0.99 1524263727.8599393
2 10.422533069592971 0.99 1524263727.8910756
1 10.288209949225577 0.99 1524263728.1487017
2 10.588357960038556 0.99 1524263728.1773763
1 10.539682422838522 0.99 1524263728.4177222
2 10.201578174161872 0.99 1524263728.4581263
1 10.563760792023992 0.99 1524263728.7095983
2 10.325868640701978 0.99 1524263728.7478442
1 10.68786052370045 0.99 1524263728.9830046
2 10.629816089998595 0.99 1524263729.011168
1 10.392053638383844 0.99 1524263729.2968397
2 10.160966906996387 0.99 1524263729.3275995
1 10.40483287424749 0.99 1524263729.5700724
2 10.578676258360362 0.99 1524263729.5935426
1 10.438791309369341 0.99 1524263729.8637073
2 10.596208607025835 0.99 1524263729.893938
1 10.290140186045578 0.99 1524263730.147148
2 10.437532459269342 0.99 1524263730.1747355
1 10.601724659282201 0.99 1524263730.4247277
2 10.619440113416768 0.99 1524263730.4684255
1 10.4947529183603 0.99 1524263730.7146816
2 10.515993152774858 0.99 1524263730.7363093
1 10.536485706523964 0.99 1524263730.9983497
2 10.626894031887682 0.99 1524263731.0215638
1 10.628496204742229 0.99 1524263731.2771106
2 10.657892261925891 0.99 1524263731.3027036
2 10.974367177066151 0.99 1524263731.5518558
1 10.562807117705814 0.99 1524263731.574071
1 10.704057728320473 0.99 1524263731.8392584
2 10.902048146169726 0.99 1524263731.861425
1 10.733797108258674 0.99 1524263732.116172
2 10.619340931287677 0.99 1524263732.1379735
1 10.764261280678697 0.99 1524263732.3910854
2 10.704858814747746 0.99 1524263732.416779
1 10.847826039135136 0.99 1524263732.6689265
2 10.360429797992909 0.99 1524263732.7167997
1 10.651605640820433 0.99 1524263732.9613447
2 10.084329638787228 0.99 1524263733.0261502
1 10.524477039509408 0.99 1524263733.2594385
2 10.243280444747365 0.99 1524263733.3052666
1 10.497697864654848 0.99 1524263733.5339785
2 9.737741503376032 0.99 1524263733.6369367
1 10.537241016583973 0.99 1524263733.809309
2 9.944704089210754 0.99 1524263733.916771
1 10.714464222480485 0.99 1524263734.0801058
2 10.317239795471059 0.99 1524263734.187217
1 10.865991627547881 0.99 1524263734.3655875
2 9.871416125207055 0.99 1524263734.5209513
1 10.690034901145916 0.99 1524263734.6577022
2 10.327898059651064 0.99 1524263734.7991931
1 10.75000194227323 0.99 1524263734.9293277
2 10.32982829647107 0.99 1524263735.0836027
1 10.48774913416756 0.99 1524263735.225924
2 10.067392382896301 0.99 1524263735.3790295
1 10.489603077042108 0.99 1524263735.4999957
2 10.600458179787653 0.99 1524263735.6499543
1 10.538805042465782 0.99 1524263735.7955217
2 10.58150676373673 0.99 1524263735.9324448
1 10.517816578071228 0.99 1524263736.0602014
2 10.187051806947315 0.99 1524263736.25672
1 10.763383900305975 0.99 1524263736.3398805
2 10.441438709276616 0.99 1524263736.5282907
1 10.68964580202409 0.99 1524263736.6274996
2 10.441133533494805 0.99 1524263736.8001292
1 10.785348927202351 0.99 1524263736.9087808
2 10.091005359014508 0.99 1524263737.119209
1 10.649316822456782 0.99 1524263737.187097
2 10.602808033307666 0.99 1524263737.3890564
1 10.643053089534964 0.99 1524263737.4734674
2 10.588296924882195 0.99 1524263737.662152
1 10.525201831991232 0.99 1524263737.7674544
2 10.280176196769212 0.99 1524263737.9673243
1 10.580972706118546 0.99 1524263738.0415418
2 10.651041065624064 0.99 1524263738.2481253
1 10.463083301602094 0.99 1524263738.3361356
2 10.708910023251388 0.99 1524263738.5084872
1 10.54917338965307 0.99 1524263738.6097076
2 10.822084461938749 0.99 1524263738.7717228
1 10.716585194164123 0.99 1524263738.8859904
2 10.503107105387572 0.99 1524263739.1105692
1 10.6142597545204 0.99 1524263739.1713984
2 9.951875720083486 0.99 1524263739.4533584
1 10.728479420260497 0.99 1524263739.475222
2 9.801591906327001 0.99 1524263739.737371
1 10.616014515265855 0.99 1524263739.7583158
1 10.62111095082222 0.99 1524263740.0169632
2 9.296190294057482 0.99 1524263740.0614655
1 10.677492176513171 0.99 1524263740.295265
2 9.327318223802973 0.99 1524263740.3981316
1 10.741365467647777 0.99 1524263740.570159
2 9.574670824361357 0.99 1524263740.703279
1 10.864892994733333 0.99 1524263740.8390894
2 9.567087206183166 0.99 1524263740.9868803
1 10.91832927412974 0.99 1524263741.1136322
2 10.01614573973445 0.99 1524263741.259644
1 10.894304310706081 0.99 1524263741.3974152
2 10.30249217581468 0.99 1524263741.5638018
1 10.790857350064172 0.99 1524263741.685746
2 10.546747242187614 0.99 1524263741.841457
1 10.766794239667801 0.99 1524263741.9567907
2 10.133516345421818 0.99 1524263742.1708655
1 10.597528492282205 0.99 1524263742.251004
2 10.090814624150873 0.99 1524263742.4500127
1 10.546640430663983 0.99 1524263742.534557
2 10.126016650583635 0.99 1524263742.7487354
1 10.663187061740436 0.99 1524263742.809594
2 10.028581652843549 0.99 1524263743.038595
1 10.642152820978607 0.99 1524263743.0801466
2 10.51443675628758 0.99 1524263743.3133452
1 10.700380360149563 0.99 1524263743.365331
2 10.223772082894618 0.99 1524263743.624
1 10.701425587202293 0.99 1524263743.659878
2 10.408563648180232 0.99 1524263743.9009879
1 10.704355274707737 0.99 1524263743.9294102
2 10.588533436113108 0.99 1524263744.1722147
1 10.60508159288221 0.99 1524263744.216033
1 10.6348362316095 0.99 1524263744.5014236
2 10.083040271109041 0.99 1524263744.5294037
1 10.415842090576593 0.99 1524263744.8129346
2 9.924562487610737 0.99 1524263744.8359523
1 10.295259509785586 0.99 1524263745.0951674
2 9.8554478024234 0.99 1524263745.120228
1 10.356004749156543 0.99 1524263745.3760395
2 9.67827800228872 0.99 1524263745.4174514
1 10.224603686900075 0.99 1524263745.6736376
2 9.986299548272601 0.99 1524263745.7135558
1 10.378252063651114 0.99 1524263745.9698064
2 10.251802478454637 0.99 1524263746.0034583
1 10.407388721420231 0.99 1524263746.2495177
2 10.157838855232745 0.99 1524263746.2993183
1 10.510278736260307 0.99 1524263746.5146759
2 10.26071361128374 0.99 1524263746.5794306
1 10.638200794604058 0.99 1524263746.7946372
2 10.428621326440242 0.99 1524263746.8540363
1 10.77650645892416 0.99 1524263747.0786407
2 10.286714587894672 0.99 1524263747.169873
1 10.877130543584254 0.99 1524263747.3519156
2 10.543413196771244 0.99 1524263747.4371033
1 10.722353016440486 0.99 1524263747.6389637
2 10.667581592998616 0.99 1524263747.7041621
1 10.748315846078691 0.99 1524263747.918468
2 10.35220531067291 0.99 1524263748.0136843
1 10.784601246536894 0.99 1524263748.196632
2 10.356897388318366 0.99 1524263748.3277
1 10.653543507034973 0.99 1524263748.478927
2 9.844377550937946 0.99 1524263748.6538093
1 10.71665385871502 0.99 1524263748.7590516
2 9.567377123175897 0.99 1524263748.959522
1 10.740404163935041 0.99 1524263749.0336454
2 9.670824083817795 0.99 1524263749.2550485
1 10.641206776054961 0.99 1524263749.3199394
2 9.759912523925138 0.99 1524263749.560444
1 10.735216175644126 0.99 1524263749.5974038
2 9.970315966699868 0.99 1524263749.8587554
1 10.66241649289134 0.99 1524263749.8796
2 10.162447009538207 0.99 1524263750.140568
1 10.524118457965775 0.99 1524263750.1734838
2 10.158769641367291 0.99 1524263750.4372997
1 10.612710987427665 0.99 1524263750.4586768
1 10.476175342642103 0.99 1524263750.7436
2 9.933748278643467 0.99 1524263750.7681696
1 10.619386707654948 0.99 1524263751.009551
2 9.818109545517926 0.99 1524263751.078229
1 10.71766093879503 0.99 1524263751.2944274
2 9.956735644408946 0.99 1524263751.3457172
1 10.762193714756881 0.99 1524263751.5620573
2 10.069482837001768 0.99 1524263751.6265972
1 10.941690480227935 0.99 1524263751.8391814
2 10.636484180831328 0.99 1524263751.8958955
1 10.83543590239331 0.99 1524263752.1184444
2 11.10170177202989 0.99 1524263752.1601079
1 10.86469463047515 0.99 1524263752.395387
2 10.937311207758844 0.99 1524263752.4457552
1 10.868761097767877 0.99 1524263752.6724281
2 11.086275136258964 0.99 1524263752.718087
1 10.676858936765896 0.99 1524263752.9651136
2 10.62715343130222 0.99 1524263753.024925
1 10.665567432838623 0.99 1524263753.240056
2 10.646661793154967 0.99 1524263753.28731
1 10.707521473444109 0.99 1524263753.5179155
2 10.256044421821919 0.99 1524263753.6136565
1 10.63705638542224 0.99 1524263753.7974226
2 10.213586841176426 0.99 1524263753.8849092
1 10.844980274969672 0.99 1524263754.0677853
2 10.45067027667663 0.99 1524263754.174539
1 10.848756825269676 0.99 1524263754.3483968
2 10.18953898956913 0.99 1524263754.464507
1 10.843835865787852 0.99 1524263754.6206849
2 10.660730396696794 0.99 1524263754.7385786
1 10.827569996616933 0.99 1524263754.9080305
2 10.707635914362292 0.99 1524263755.0053625
1 10.715730701975025 0.99 1524263755.1879861
2 10.480165515989382 0.99 1524263755.3186376
1 10.668642078840437 0.99 1524263755.47474
2 10.65677837032225 0.99 1524263755.5909717
1 10.625246082665855 0.99 1524263755.7539916
2 10.592805897058563 0.99 1524263755.8716264
1 10.687219654558644 0.99 1524263756.0258145
2 10.173440967078209 0.99 1524263756.1849282
1 10.739397083855039 0.99 1524263756.3046126
2 10.597116504976745 0.99 1524263756.4503543
1 10.900713002124265 0.99 1524263756.5751345
2 10.734956776229582 0.99 1524263756.7083797
1 11.030969655198918 0.99 1524263756.839265
2 10.861719166602422 0.99 1524263756.9754798
1 10.972604786926144 0.99 1524263757.1195438
2 10.450845752751176 0.99 1524263757.333035
1 10.854791676355141 0.99 1524263757.4151752
2 9.94936564927803 0.99 1524263757.6572897
1 10.712953602360475 0.99 1524263757.6951046
2 9.856561694027045 0.99 1524263757.927246
1 10.507486377856665 0.99 1524263757.980037
2 9.801286730545183 0.99 1524263758.2008948
1 10.413484607662047 0.99 1524263758.2778232
2 10.079088244734494 0.99 1524263758.5262606
1 10.524812732869416 0.99 1524263758.550298
2 10.398607288298399 0.99 1524263758.812179
1 10.46430400472936 0.99 1524263758.8415592
2 10.35390666565655 0.99 1524263759.085969
1 10.584192310616729 0.99 1524263759.113256
2 10.165399585227297 0.99 1524263759.3814108
1 10.611131702756754 0.99 1524263759.4080968
2 10.521829639602135 0.99 1524263759.6692595
1 10.514314685974863 0.99 1524263759.696865
2 10.645074879089519 0.99 1524263759.9407177
1 10.693140064725913 0.99 1524263759.9655197
2 10.504106556073037 0.99 1524263760.2285042
1 10.654397999224063 0.99 1524263760.2510922
2 10.814584767100555 0.99 1524263760.4914975
1 10.751543079971423 0.99 1524263760.51924
2 10.74691203748233 0.99 1524263760.7818635
1 10.80412486717874 0.99 1524263760.8032033
2 10.58015636090219 0.99 1524263761.0732095
1 10.584802662180374 0.99 1524263761.0989244
2 10.52506450288941 0.99 1524263761.3680952
1 10.475717578969372 0.99 1524263761.3892694
2 10.374757800949295 0.99 1524263761.647262
1 10.461732898767538 0.99 1524263761.6686766
2 10.528017078578504 0.99 1524263761.921416
1 10.476221119009367 0.99 1524263761.9517596
2 10.596460377045831 0.99 1524263762.2047775
1 10.268030200652836 0.99 1524263762.266165
2 10.552652393565793 0.99 1524263762.506706
1 10.396196399622035 0.99 1524263762.539669
2 10.485269580940288 0.99 1524263762.7918565
1 10.377580676931109 0.99 1524263762.821766
2 10.343194995714716 0.99 1524263763.0818634
1 10.147699389881833 0.99 1524263763.1362762
2 10.363412891260188 0.99 1524263763.3637235
1 10.49492839443484 0.99 1524263763.4111197
1 6 frame freq 1524263763.412691
1 13.187036553746163 0.99 1524263763.7341428
2 10.308145557172876 0.99 1524263763.9572432
2 6 frame freq 1524263763.9588027
1 18.184192750946064 0.99 1524263764.0683022
2 12.616693535105687 0.99 1524263764.3113973
1 17.949176881367663 0.99 1524263764.399366
2 17.791324708222078 0.99 1524263764.634141
1 18.41635522696442 0.99 1524263764.7188451
2 17.39035424849084 0.99 1524263765.0020454
1 18.627140139466423 0.99 1524263765.050469
2 16.526523680475595 0.99 1524263765.3565135
1 17.728778931738393 0.99 1524263765.3993442
1 17.209949585068873 0.99 1524263765.7469687
2 16.17746362123166 0.99 1524263765.7751048
1 17.473270508410923 0.99 1524263766.0876555
2 16.40996179061003 0.99 1524263766.118096
1 17.979251954665894 0.99 1524263766.416418
2 17.71101770123656 0.99 1524263766.438469
1 18.00368127600045 0.99 1524263766.7498322
2 17.97958764802588 0.99 1524263766.7742476
2 18.002811525022263 0.99 1524263767.0919476
1 17.471775147080002 0.99 1524263767.1172433
1 17.62395105068377 0.99 1524263767.43668
2 17.57472619707645 0.99 1524263767.4598658
1 18.26755151574977 0.99 1524263767.7648041
2 17.576053711727354 0.99 1524263767.7945879
1 17.63745507902923 0.99 1524263768.1123643
2 17.640125367120145 0.99 1524263768.1392035
2 18.14778528017512 0.99 1524263768.4313533
1 17.45012292535998 0.99 1524263768.4523175
1 17.76735315056025 0.99 1524263768.7860312
2 17.812992188731194 0.99 1524263768.806875
1 17.901355836356732 0.99 1524263769.1145217
2 17.176456543014304 0.99 1524263769.138385
2 18.395465944698966 0.99 1524263769.445549
1 18.091510866007788 0.99 1524263769.4680643
1 17.523792359090972 0.99 1524263769.800176
2 17.04660424785056 0.99 1524263769.8388784
1 17.64851770112015 0.99 1524263770.1325204
2 15.409250303002548 0.99 1524263770.232984
1 17.968067262262235 0.99 1524263770.467412
2 15.71566204673734 0.99 1524263770.6000683
1 18.21426782424427 0.99 1524263770.7928503
2 16.95001611290504 0.99 1524263770.9300022
1 17.91234216450219 0.99 1524263771.1372318
2 18.160572145433306 0.99 1524263771.2564187
1 17.854267213222133 0.99 1524263771.4617682
2 18.0773659685205 0.99 1524263771.5980268
1 18.45921716552083 0.99 1524263771.7866256
2 18.73878869924469 0.99 1524263771.8971312
1 18.19533166698243 0.99 1524263772.1203022
2 18.896686648757537 0.99 1524263772.2282903
1 18.303424928902526 0.99 1524263772.445192
2 17.40156945847269 0.99 1524263772.5868428
1 18.266025636840656 0.99 1524263772.7774093
2 17.15872583009067 0.99 1524263772.9320354
1 17.964161012254955 0.99 1524263773.1085055
2 18.25267419638611 0.99 1524263773.2449582
1 18.407291506244423 0.99 1524263773.4336023
2 18.38730249253532 0.99 1524263773.5816164
1 18.274341676895215 0.99 1524263773.7716913
2 18.13679895202965 0.99 1524263773.910196
1 18.36677942120802 0.99 1524263774.0825338
2 17.9405556655313 0.99 1524263774.249513
1 18.611927126742764 0.99 1524263774.4160519
2 16.714237303872114 0.99 1524263774.6247475
1 18.203571413091534 0.99 1524263774.7392862
2 17.449390503483638 0.99 1524263774.938128
1 18.171939943306054 0.99 1524263775.0723972
2 17.999942872673167 0.99 1524263775.2946312
1 18.473301027851733 0.99 1524263775.3956378
2 18.372882936844384 0.99 1524263775.5911558
1 18.289280031415217 0.99 1524263775.7290468
2 19.539280033743534 0.99 1524263775.9053974
1 18.152942750887842 0.99 1524263776.0500755
2 17.87492761365124 0.99 1524263776.265282
1 18.369709108713483 0.99 1524263776.3805444
2 17.265903564665294 0.99 1524263776.6004493
1 18.492878054255407 0.99 1524263776.7004447
2 18.488987063037225 0.99 1524263776.911579
1 18.441120241658982 0.99 1524263777.0328138
2 19.071186160801318 0.99 1524263777.229918
1 18.10795984064781 0.99 1524263777.3631327
2 18.457813356924465 0.99 1524263777.5644739
1 18.587238405993652 0.99 1524263777.6742554
2 18.651661013535534 0.99 1524263777.8742166
1 18.95113000823397 0.99 1524263777.9955554
2 17.41605004931996 0.99 1524263778.249421
1 18.6202584255864 0.99 1524263778.3196778
2 16.195270628100758 0.99 1524263778.6176105
1 18.400074099004417 0.99 1524263778.6506453
2 17.540989014396427 0.99 1524263778.935754
1 18.5974312771064 0.99 1524263778.965277
1 18.436496828564437 0.99 1524263779.2998023
2 17.131916137657917 0.99 1524263779.3262167
1 17.791904542207547 0.99 1524263779.6403408
2 15.52398113817719 0.99 1524263779.710063
1 18.267002199342496 0.99 1524263779.9574087
2 15.622926756037264 0.99 1524263780.0810108
1 18.679676150306452 0.99 1524263780.2855308
2 17.519565674512773 0.99 1524263780.3921223
1 17.986377809171348 0.99 1524263780.623603
2 17.79344567990573 0.99 1524263780.7559552
1 17.828937623331203 0.99 1524263780.9578776
2 17.936512086422223 0.99 1524263781.0641296
1 18.301944826360693 0.99 1524263781.286355
2 18.294849489433417 0.99 1524263781.4120235
1 18.191196535138793 0.99 1524263781.6158352
2 17.066349120934227 0.99 1524263781.765245
1 18.05797204758594 0.99 1524263781.9472747
2 17.678394410160188 0.99 1524263782.0939043
1 17.941410157720394 0.99 1524263782.283609
2 17.949543092305856 0.99 1524263782.4326618
1 18.081394288840503 0.99 1524263782.6070704
2 17.33284387240716 0.99 1524263782.7879624
1 18.065448854240493 0.99 1524263782.9487808
2 18.47967920169176 0.99 1524263783.0823762
1 17.890338990633083 0.99 1524263783.2790856
2 17.420917603039978 0.99 1524263783.4752064
1 18.444049929164446 0.99 1524263783.5978868
2 16.64471826077386 0.99 1524263783.8031337
1 18.507465456626313 0.99 1524263783.9280949
2 18.49980554450269 0.99 1524263784.12087
1 18.64239892855733 0.99 1524263784.2403128
2 18.653720950062798 0.99 1524263784.449365
1 18.516224001564506 0.99 1524263784.579103
2 17.204227539159778 0.99 1524263784.8190122
1 18.502384279859033 0.99 1524263784.894662
2 17.510700318050958 0.99 1524263785.131322
1 18.549869631510003 0.99 1524263785.222715
2 17.022098632570557 0.99 1524263785.5268633
1 18.223651979535184 0.99 1524263785.5502577
2 16.694934935672098 0.99 1524263785.8540795
1 18.161579225513297 0.99 1524263785.8853753
2 17.289478393810775 0.99 1524263786.2189126
1 17.7763253185457 0.99 1524263786.2434921
1 17.80510339477119 0.99 1524263786.559673
2 16.590564818290193 0.99 1524263786.581927
1 18.25487146201519 0.99 1524263786.8822215
2 17.248798462094374 0.99 1524263786.9166095
1 17.478733154905463 0.99 1524263787.2452106
2 17.516529175483686 0.99 1524263787.2729998
2 18.170337770451486 0.99 1524263787.575139
1 17.016742797599637 0.99 1524263787.5970519
2 18.331867311768 0.99 1524263787.9156802
1 17.75217065541479 0.99 1524263787.9391477
1 18.212223146506076 0.99 1524263788.2463782
2 17.841175172182133 0.99 1524263788.2709398
1 18.035801027036847 0.99 1524263788.5891187
2 17.57394799883282 0.99 1524263788.610977
1 18.362033937800756 0.99 1524263788.8994186
2 17.811512086189374 0.99 1524263788.9216774
1 18.037464235047754 0.99 1524263789.2522774
2 17.605304810414662 0.99 1524263789.281064
1 17.80052575804392 0.99 1524263789.5786326
2 17.070240112152412 0.99 1524263789.6330907
1 17.637500855396514 0.99 1524263789.934334
2 16.507663817159216 0.99 1524263790.0062397
1 16.920948119686813 0.99 1524263790.2833767
2 15.962358519364814 0.99 1524263790.377861
1 17.708164307676565 0.99 1524263790.6103756
2 17.68808374123292 0.99 1524263790.69308
1 17.92952356101857 0.99 1524263790.9546385
2 17.8007241223021 0.99 1524263791.0498917
1 17.8548317884185 0.99 1524263791.2784314
2 16.774417968046702 0.99 1524263791.3986776
1 18.281849001127952 0.99 1524263791.610371
2 16.39691552593729 0.99 1524263791.78042
1 18.49086389409541 0.99 1524263791.9332418
2 16.94935998497412 0.99 1524263792.1062405
1 18.5016365991936 0.99 1524263792.2555954
2 18.411213015040786 0.99 1524263792.4325533
1 18.353260134073473 0.99 1524263792.5823023
2 18.7666817657029 0.99 1524263792.7484615
1 18.784397219837455 0.99 1524263792.895702
2 18.017597291651374 0.99 1524263793.098051
1 18.686603640553752 0.99 1524263793.2248595
2 17.852527711265783 0.99 1524263793.4174912
1 18.133350465695095 0.99 1524263793.5582297
2 17.770145508963893 0.99 1524263793.775477
1 17.88081750624034 0.99 1524263793.90242
1 4 frame freq 1524263793.904202
2 13.033365288811483 0.99 1524263794.085834
2 4 frame freq 1524263794.0877335
1 12.63440898924025 0.99 1524263794.2493222
2 12.195665397114436 0.99 1524263794.4316335
1 12.138368644078026 0.99 1524263794.5929475
2 12.681222954171197 0.99 1524263794.7196252
1 12.163553275472582 0.99 1524263794.8863995
2 12.522859611591064 0.99 1524263795.0471354
1 12.660738029816635 0.99 1524263795.1895783
2 12.608888664485688 0.99 1524263795.3839674
1 13.318956414831721 0.99 1524263795.4842062
2 12.303789176612701 0.99 1524263795.6951203
1 13.402010003853613 0.99 1524263795.7788732
2 12.186479606081694 0.99 1524263796.027158
1 13.420984308088169 0.99 1524263796.0831077
2 12.938936272522325 0.99 1524263796.3151062
1 13.573297540793753 0.99 1524263796.3694272
1 13.712289850622955 0.99 1524263796.6568487
2 12.491373100301953 0.99 1524263796.6773963
1 13.89439586902856 0.99 1524263796.9482117
2 12.431451835541894 0.99 1524263796.9925816
1 13.595811884097404 0.99 1524263797.2560768
2 12.47118572233466 0.99 1524263797.2785075
2 13.496851007448234 0.99 1524263797.54913
1 13.400957147406341 0.99 1524263797.5728836
2 14.280191463008888 0.99 1524263797.8348641
1 13.314111749295355 0.99 1524263797.8567638
1 13.272417108104408 0.99 1524263798.1550753
2 13.190080682169805 0.99 1524263798.1845572
1 13.31497387087899 0.99 1524263798.4538834
2 13.200845757873447 0.99 1524263798.478375
2 13.00958446601329 0.99 1524263798.7562618
1 13.19510082378071 0.99 1524263798.779613
1 13.401796380806335 0.99 1524263799.0539694
2 13.608064691737424 0.99 1524263799.0769532
1 13.088762322606073 0.99 1524263799.3655334
2 12.78209880885128 0.99 1524263799.3930824
1 13.176874200211602 0.99 1524263799.6668804
2 12.476205863945578 0.99 1524263799.7180398
1 13.37761882949177 0.99 1524263799.949858
2 12.576921501340196 0.99 1524263800.018571
1 13.801111261921207 0.99 1524263800.2369006
2 12.927034417031402 0.99 1524263800.3209164
1 13.882669489612184 0.99 1524263800.5335574
2 12.951829949304145 0.99 1524263800.6432724
1 13.766824762833906 0.99 1524263800.8196058
2 12.981912651996899 0.99 1524263800.9476526
1 13.597177545721046 0.99 1524263801.1172955
2 13.421594659651808 0.99 1524263801.216249
1 13.695863764166576 0.99 1524263801.4080946
2 14.242769282763392 0.99 1524263801.4849052
1 13.553979913804639 0.99 1524263801.7067354
2 13.65664104680837 0.99 1524263801.8218641
1 13.492479364373692 0.99 1524263802.0063415
2 12.762224236060359 0.99 1524263802.1569521
1 13.399644891544522 0.99 1524263802.3031313
2 12.347070731869096 0.99 1524263802.4569035
1 13.388643304609957 0.99 1524263802.6036866
2 12.445467033321906 0.99 1524263802.7863784
1 13.424959222646354 0.99 1524263802.899397
2 12.229051627645372 0.99 1524263803.1379085
1 13.211984673909813 0.99 1524263803.215213
2 11.971849478728789 0.99 1524263803.46317
1 13.26029400017168 0.99 1524263803.506296
2 12.02406505499792 0.99 1524263803.7851603
1 13.28353313595715 0.99 1524263803.8062744
2 12.821008721033133 0.99 1524263804.0771968
1 13.328882257135373 0.99 1524263804.1161318
2 12.608728447200225 0.99 1524263804.413139
1 13.1862888730807 0.99 1524263804.4370286
1 12.911165276376847 0.99 1524263804.734584
2 12.470628776532834 0.99 1524263804.7592118
2 12.539529838672895 0.99 1524263805.0300813
1 12.892618218236825 0.99 1524263805.0509353
1 13.063280144824246 0.99 1524263805.3381643
2 12.801363030078571 0.99 1524263805.3599255
1 13.126985589278833 0.99 1524263805.648907
2 12.995172539716904 0.99 1524263805.6736372
1 13.39367107561542 0.99 1524263805.9408574
2 12.938341179747777 0.99 1524263805.9640706
1 13.175470391615239 0.99 1524263806.2451441
2 12.508096733145596 0.99 1524263806.306992
1 13.400354425237252 0.99 1524263806.550449
2 12.15290264068713 0.99 1524263806.6561375
1 13.0861988460388 0.99 1524263806.8544447
2 11.409769094381053 0.99 1524263807.0120213
1 13.21312908309164 0.99 1524263807.153204
2 12.123651541999822 0.99 1524263807.2967176
1 13.29621318969171 0.99 1524263807.4525032
2 12.649820366222077 0.99 1524263807.605412
1 13.488252679795506 0.99 1524263807.7464917
2 13.354127923686297 0.99 1524263807.9076962
1 13.393175164969966 0.99 1524263808.0498292
2 13.389101068282692 0.99 1524263808.1962457
1 13.278261224326231 0.99 1524263808.3542957
2 13.809801142308494 0.99 1524263808.4752502
1 13.14522747163704 0.99 1524263808.6559281
2 13.38755230118996 0.99 1524263808.8033774
1 13.420900384748172 0.99 1524263808.947582
2 13.28438762814624 0.99 1524263809.0961683
1 13.178873101582521 0.99 1524263809.2612095
2 12.224565543652641 0.99 1524263809.4578972
1 13.502382318493698 0.99 1524263809.546123
2 12.568697014020191 0.99 1524263809.7578275
1 13.140359917917035 0.99 1524263809.8666718
2 12.183023490352603 0.99 1524263810.081505
1 13.10826305506427 0.99 1524263810.1777306
2 13.024637261451476 0.99 1524263810.3788757
1 12.988893548005992 0.99 1524263810.472599
2 12.577364006223844 0.99 1524263810.7147222
1 13.42403606590635 0.99 1524263810.750012
2 13.177293816911611 0.99 1524263810.9933007
1 13.795076410835748 0.99 1524263811.0510976
2 13.325044671679 0.99 1524263811.2779047
1 13.704202692404763 0.99 1524263811.3478649
2 14.297761958647072 0.99 1524263811.554447
1 13.449564020055472 0.99 1524263811.646211
2 12.894495049295012 0.99 1524263811.9239364
1 13.455316583542752 0.99 1524263811.9466853
2 12.844171562873155 0.99 1524263812.2133427
1 13.51616863443734 0.99 1524263812.2351654
2 12.607896843194775 0.99 1524263812.5054455
1 13.375215570209946 0.99 1524263812.540348
2 13.600748102368318 0.99 1524263812.8073227
1 13.370981256237215 0.99 1524263812.8340814
2 13.250680963044395 0.99 1524263813.118551
1 13.46280864898639 0.99 1524263813.1454554
2 13.413698236297254 0.99 1524263813.3991642
1 13.405946771439071 0.99 1524263813.4386637
1 13.262659112480764 0.99 1524263813.7389548
2 12.736536064625788 0.99 1524263813.7658854
1 12.980508843400541 0.99 1524263814.0511816
2 12.373979606430945 0.99 1524263814.0913332
1 13.311380426048078 0.99 1524263814.339792
2 12.333154716218186 0.99 1524263814.3776033
1 13.44024089992091 0.99 1524263814.637688
2 12.524400749289244 0.99 1524263814.7072675
1 13.563791315190112 0.99 1524263814.938201
2 13.357461969102662 0.99 1524263814.9867175
1 13.362421075557215 0.99 1524263815.2374065
2 13.385652581948136 0.99 1524263815.2698288
1 13.330339471493557 0.99 1524263815.5378041
2 13.55025676926646 0.99 1524263815.598811
1 13.21195415633164 0.99 1524263815.843101
2 12.903940239742296 0.99 1524263815.920992
1 12.93647960747868 0.99 1524263816.1664019
2 12.607698478936594 0.99 1524263816.2247102
1 12.956590691500521 0.99 1524263816.4626017
2 13.333200494448093 0.99 1524263816.4956005
1 12.982439080220534 0.99 1524263816.7672825
2 13.152673760713405 0.99 1524263816.835901
1 13.27287487177714 0.99 1524263817.0716043
2 13.543352167202823 0.99 1524263817.1086833
1 13.055025139926054 0.99 1524263817.3786244
2 13.13313488128248 0.99 1524263817.4118145
1 13.031229058338763 0.99 1524263817.6901472
2 13.839273493437615 0.99 1524263817.7161381
1 13.228166619740735 0.99 1524263817.9753504
2 12.858079949129525 0.99 1524263818.0381715
1 13.3978138368536 0.99 1524263818.2774038
2 12.773485222409448 0.99 1524263818.3526132
1 13.419076959451811 0.99 1524263818.584522
2 12.900140801258651 0.99 1524263818.6346755
1 13.168306390137056 0.99 1524263818.8880146
2 13.428590814449997 0.99 1524263818.9365761
1 13.159997979477044 0.99 1524263819.1843336
2 13.682741205548387 0.99 1524263819.2283525
1 13.27293590693351 0.99 1524263819.4884806
2 13.340601007157199 0.99 1524263819.5334563
1 13.14435009126431 0.99 1524263819.7985368
2 13.297044793697156 0.99 1524263819.8452034
1 12.926111260291394 0.99 1524263820.1143656
2 12.831087151227678 0.99 1524263820.160853
1 13.068834344053329 0.99 1524263820.4035747
2 13.010156670604191 0.99 1524263820.4558964
1 13.150529900846136 0.99 1524263820.713578
2 13.177888909686159 0.99 1524263820.7525458
1 13.640970270411987 0.99 1524263820.9923441
2 13.286569634986243 0.99 1524263821.0667157
1 13.232744256468015 0.99 1524263821.314517
2 13.287179986549885 0.99 1524263821.353626
1 13.383653680577238 0.99 1524263821.6129138
2 13.164537469231599 0.99 1524263821.656823
1 13.164842645013408 0.99 1524263821.909472
2 12.689653435143933 0.99 1524263822.0055003
1 13.30928997194262 0.99 1524263822.2167244
2 12.771425285882179 0.99 1524263822.2923255
1 13.286584893775332 0.99 1524263822.5119097
2 13.132661858820661 0.99 1524263822.5732265
1 13.283754388398963 0.99 1524263822.808292
2 13.763994257457547 0.99 1524263822.8820643
1 13.344415704429924 0.99 1524263823.1161256
2 13.23059276720619 0.99 1524263823.196479
1 13.395570794857237 0.99 1524263823.40897
2 13.250665704255297 0.99 1524263823.4785347
1 13.302881280524433 0.99 1524263823.7115068
2 12.83664135045678 0.99 1524263823.8151567
1 13.357820550646307 0.99 1524263824.0152397
2 12.679010429753008 0.99 1524263824.1458247
1 12.955888787202328 0.99 1524263824.3340793
2 12.732362785809425 0.99 1524263824.417976
1 12.948762932696866 0.99 1524263824.6363847
2 12.481081047060117 0.99 1524263824.7759285
1 13.18110851418434 0.99 1524263824.921388
2 12.790605583769468 0.99 1524263825.0823734
1 13.514406244297346 0.99 1524263825.219461
2 12.732484856122143 0.99 1524263825.3644676
1 13.569253961684659 0.99 1524263825.5228045
2 13.246515313622568 0.99 1524263825.6803865
1 13.1952000059098 0.99 1524263825.8357255
2 13.588197748341031 0.99 1524263825.9675965
1 13.168489495606147 0.99 1524263826.1322048
2 13.204347649969806 0.99 1524263826.270229
1 13.220865289160733 0.99 1524263826.4284832
2 13.528642694519172 0.99 1524263826.5660527
1 13.428651849606359 0.99 1524263826.7243917
2 13.211801568440722 0.99 1524263826.8738365
1 13.422029535140899 0.99 1524263827.0304987
2 12.925684014196854 0.99 1524263827.2023282
1 13.50491527748279 0.99 1524263827.3192859
2 12.937181511776858 0.99 1524263827.49395
1 13.490701715444594 0.99 1524263827.614009
2 12.8102283865404 0.99 1524263827.8094122
1 13.58429149833376 0.99 1524263827.9140413
2 13.393175164969966 0.99 1524263828.0939476
1 13.404275934033619 0.99 1524263828.2220845
2 13.617990534041057 0.99 1524263828.3774092
1 13.39592937640088 0.99 1524263828.5111413
2 13.38004497695723 0.99 1524263828.7064598
1 13.556802789786468 0.99 1524263828.7951572
2 13.003099480649649 0.99 1524263829.0167832
1 13.436365167491822 0.99 1524263829.104533
2 12.753725090536715 0.99 1524263829.3155377
1 13.572206537373757 0.99 1524263829.3977416
2 13.237237969855299 0.99 1524263829.6166997
1 13.273920098829871 0.99 1524263829.6991377
2 13.146295586873398 0.99 1524263829.9307017
1 13.692117731444757 0.99 1524263829.9800813
2 13.456041376024569 0.99 1524263830.2078838
1 13.312768975855361 0.99 1524263830.2954776
2 13.720117609426596 0.99 1524263830.4888444
1 13.48712352940277 0.99 1524263830.5945795
2 13.777154963048469 0.99 1524263830.803893
1 13.139513055122487 0.99 1524263830.899752
2 13.226427117784372 0.99 1524263831.1158934
1 13.235773126102568 0.99 1524263831.2031438
2 13.23560527942256 0.99 1524263831.3950367
1 13.130762139578842 0.99 1524263831.5048075
2 13.276941339069872 0.99 1524263831.7037814
1 13.294908563224427 0.99 1524263831.7992852
2 13.41568950827362 0.99 1524263832.0128865
1 13.494195978146418 0.99 1524263832.093343
2 13.126207391035202 0.99 1524263832.3103437
1 13.5781727239083 0.99 1524263832.3863575
2 13.28055767208442 0.99 1524263832.6078522
1 13.462671319884572 0.99 1524263832.6944385
2 13.680086176246567 0.99 1524263832.8865025
1 13.498079339970056 0.99 1524263832.9786959
2 13.718179743212056 0.99 1524263833.1863084
1 13.389017144942693 0.99 1524263833.2834373
2 13.887384455441278 0.99 1524263833.4724422
1 13.571580927021023 0.99 1524263833.5774002
2 13.335046807928101 0.99 1524263833.787404
1 13.37783245253905 0.99 1524263833.8759406
2 13.467195550850025 0.99 1524263834.0761173
1 13.288553277568058 0.99 1524263834.189275
2 13.358354608264483 0.99 1524263834.3737528
1 13.190179864298893 0.99 1524263834.486465
2 13.091264764016996 0.99 1524263834.7029502
1 13.3460560242572 0.99 1524263834.7778497
2 12.890871086885921 0.99 1524263835.0154965
