2 3 1524021816.903188
2 7.988324180223655 0.99 1524021818.4246514
2 8.502763778907735 0.99 1524021818.766656
2 8.644380600460584 0.99 1524021819.1275167
2 8.946764023875376 0.99 1524021819.4415689
2 8.767648728131602 0.99 1524021819.8023367
2 8.773256333122507 0.99 1524021820.1334755
2 9.154520066742823 0.99 1524021820.435366
2 9.067369492850027 0.99 1524021820.76356
2 9.521394762250406 0.99 1524021821.0625808
2 9.46317485247399 0.99 1524021821.402951
2 9.180925401264664 0.99 1524021821.7361379
2 9.41665843393032 0.99 1524021822.046152
2 9.09209636057187 0.99 1524021822.381378
2 9.255098375035642 0.99 1524021822.6961832
2 9.364374193110265 0.99 1524021823.024523
2 9.131433518848263 0.99 1524021823.3599272
2 9.021028550380901 0.99 1524021823.7113056
2 8.824808152066183 0.99 1524021824.052239
2 8.806291611504351 0.99 1524021824.3897347
2 8.729379685091562 0.99 1524021824.7326195
2 9.277215989822926 0.99 1524021825.0064912
2 9.27874949812657 0.99 1524021825.3456328
2 9.344186815142983 0.99 1524021825.6718535
2 9.782899889690611 0.99 1524021825.961532
2 9.43082621960123 0.99 1524021826.2708182
2 9.41439250375031 0.99 1524021826.627076
2 9.255418809606542 0.99 1524021826.970141
2 8.88335612580806 0.99 1524021827.3116047
2 9.180505784564659 0.99 1524021827.5803792
2 9.098070176500967 0.99 1524021827.9379966
2 9.108430894293694 0.99 1524021828.2874842
2 9.025995286229996 0.99 1524021828.6421049
2 8.76861766123887 0.99 1524021828.9526582
2 9.30374339465749 0.99 1524021829.2334077
2 9.421106370950316 0.99 1524021829.552011
2 9.31686595327568 0.99 1524021829.9288733
2 9.210123094190138 0.99 1524021830.254183
2 8.61203959698238 0.99 1524021830.6284933
2 8.468378097691353 0.99 1524021830.9751549
2 8.539941818527765 0.99 1524021831.33315
2 8.389093429574926 0.99 1524021831.6873293
2 8.547357590025966 0.99 1524021832.0325022
2 8.721010239275195 0.99 1524021832.3523932
2 9.178270371962839 0.99 1524021832.6422958
2 9.327745469897511 0.99 1524021832.972167
2 9.336534532413891 0.99 1524021833.309948
2 9.122507127230072 0.99 1524021833.6693497
2 8.776842148558876 0.99 1524021834.0049412
2 9.040987046511821 0.99 1524021834.292527
2 8.884210617997153 0.99 1524021834.661582
2 8.98293498341541 0.99 1524021834.9984105
2 8.890306504238973 0.99 1524021835.3524647
2 8.459253341814984 0.99 1524021835.7193584
2 8.66154673818787 0.99 1524021836.0523546
2 8.842409165282568 0.99 1524021836.35757
2 8.698755295386084 0.99 1524021836.736244
2 9.076150925971854 0.99 1524021837.0420396
2 9.273073228584735 0.99 1524021837.3431103
2 8.936807663993555 0.99 1524021837.6963758
2 9.593393358575922 0.99 1524021837.9893785
2 9.227464707991972 0.99 1524021838.3432736
2 9.185853990141027 0.99 1524021838.6491146
2 9.00036052055724 0.99 1524021839.0364146
2 9.102121385004603 0.99 1524021839.3090506
2 8.629396469573305 0.99 1524021839.7262125
2 8.640962631704223 0.99 1524021840.0443974
2 8.730218918491572 0.99 1524021840.4121954
2 8.247880965932978 0.99 1524021840.7560458
2 8.615335495426013 0.99 1524021841.1254823
2 8.548585922547783 0.99 1524021841.4472535
2 8.821756394248004 0.99 1524021841.7719734
2 8.887804062828064 0.99 1524021842.1050503
2 9.096490891830056 0.99 1524021842.444502
2 9.19211772306286 0.99 1524021842.751106
2 8.868555100389859 0.99 1524021843.1230943
2 8.798440964517077 0.99 1524021843.4739485
2 8.999849351122695 0.99 1524021843.774821
2 8.939928086362649 0.99 1524021844.0936127
2 9.07199290594457 0.99 1524021844.441116
2 9.074869187688213 0.99 1524021844.7956624
2 8.824556382046184 0.99 1524021845.1350272
2 8.812646897160725 0.99 1524021845.449836
2 9.099641831777324 0.99 1524021845.7675595
2 8.887414963706243 0.99 1524021846.1493833
2 8.982828171891768 0.99 1524021846.4654145
2 9.123247178500982 0.99 1524021846.770624
2 9.043069871222729 0.99 1524021847.0931103
2 9.428224596061227 0.99 1524021847.4224007
2 9.695062670288722 0.99 1524021847.7042778
2 9.512331041530388 0.99 1524021848.0330646
2 9.716699633219655 0.99 1524021848.3292081
2 9.671808275714161 0.99 1524021848.659254
2 9.38454631228847 0.99 1524021848.9825022
2 9.359987291246625 0.99 1524021849.314307
2 8.935808213308103 0.99 1524021849.6718009
2 8.835107834702566 0.99 1524021850.014535
2 8.959512742160847 0.99 1524021850.3294075
2 8.982431443375404 0.99 1524021850.6503499
2 9.539331468826774 0.99 1524021850.9304416
2 9.553644212994067 0.99 1524021851.2742245
2 9.496950182126751 0.99 1524021851.5921667
2 9.446596178126706 0.99 1524021851.9226654
2 9.43612101941578 0.99 1524021852.1991012
2 9.793481859925167 0.99 1524021852.50415
2 9.492013963855833 0.99 1524021852.8544123
2 9.37699321168846 0.99 1524021853.1976137
2 9.079851182326406 0.99 1524021853.5149274
2 9.189340623448304 0.99 1524021853.8077214
2 9.211862596146505 0.99 1524021854.1591406
2 9.599710497259556 0.99 1524021854.4450152
2 9.572793993303165 0.99 1524021854.774884
2 9.443826707906702 0.99 1524021855.0758877
2 9.236162217773797 0.99 1524021855.4581285
2 8.921045334862637 0.99 1524021855.7872345
2 8.86786082548623 0.99 1524021856.1304147
2 8.559869797080513 0.99 1524021856.481051
2 8.873743088680774 0.99 1524021856.8052475
2 9.076478989937304 0.99 1524021857.1163347
2 9.08664134347186 0.99 1524021857.4512029
2 9.303285630984762 0.99 1524021857.7622612
2 9.087350877164582 0.99 1524021858.1298075
2 8.784456284315244 0.99 1524021858.485849
2 8.671579392015154 0.99 1524021858.8337398
2 8.537858993816863 0.99 1524021859.167071
2 8.44506266796042 0.99 1524021859.5524092
2 8.939874680600836 0.99 1524021859.8287349
2 8.943979294866294 0.99 1524021860.1701922
2 8.888254197106237 0.99 1524021860.5260668
2 9.170251878295561 0.99 1524021860.8612926
2 8.803178818529801 0.99 1524021861.1923285
2 8.886079819660786 0.99 1524021861.5275645
2 8.659479172266051 0.99 1524021861.9110382
2 8.76012614510977 0.99 1524021862.2302697
2 8.505823166120477 0.99 1524021862.5929048
2 8.601038010047828 0.99 1524021862.9214828
2 8.816263230175277 0.99 1524021863.2714975
2 8.62298777815511 0.99 1524021863.6195078
2 8.695222885711543 0.99 1524021863.9805458
2 8.737352402391569 0.99 1524021864.2930079
2 8.903581650748066 0.99 1524021864.6190746
2 9.150224717613735 0.99 1524021864.932041
2 9.004976304257251 0.99 1524021865.3113844
2 8.825540573942547 0.99 1524021865.652666
2 8.664186508700606 0.99 1524021865.997314
2 8.570917160382345 0.99 1524021866.332152
2 8.912164719611718 0.99 1524021866.6595047
2 8.95867350876085 0.99 1524021866.9870994
2 8.989633591826323 0.99 1524021867.3408604
2 9.099451096913684 0.99 1524021867.651898
2 8.984300645039049 0.99 1524021867.9930139
2 8.834116013411647 0.99 1524021868.3500872
2 8.991876633822697 0.99 1524021868.6725984
2 8.367685348480357 0.99 1524021869.08653
2 8.374544174176721 0.99 1524021869.4210594
2 8.825960190642556 0.99 1524021869.7112217
2 8.547029526060498 0.99 1524021870.078548
2 9.021425278897254 0.99 1524021870.4104688
2 9.023408921479074 0.99 1524021870.7549348
2 8.640604050160578 0.99 1524021871.100785
2 8.734651596722482 0.99 1524021871.4539185
2 8.69113353023517 0.99 1524021871.7942352
2 9.147302659502826 0.99 1524021872.0694795
2 9.002260239799067 0.99 1524021872.4322634
2 9.029504807720897 0.99 1524021872.774753
2 9.241373094248349 0.99 1524021873.0936925
2 8.558366806355053 0.99 1524021873.470866
2 8.814264328804363 0.99 1524021873.786493
2 8.590112717058725 0.99 1524021874.1754117
2 8.37884715270036 0.99 1524021874.527906
2 8.660554916896956 0.99 1524021874.8547878
2 8.53418925504049 0.99 1524021875.1932468
2 8.734201462444297 0.99 1524021875.5509293
2 9.078706773144585 0.99 1524021875.8499086
2 8.830362351295278 0.99 1524021876.2101333
2 8.863931687295306 0.99 1524021876.5528636
2 8.993288071813597 0.99 1524021876.8861854
2 8.776918442504332 0.99 1524021877.210585
2 8.852464707293478 0.99 1524021877.5704877
2 8.899484665877155 0.99 1524021877.9031978
2 8.723703415549744 0.99 1524021878.26244
2 6 frame freq 1524021878.2645793
2 10.827432667515124 0.99 1524021878.6793756
2 14.442377132256283 0.9871666666666666 1524021879.0928478
2 14.156267207406957 0.9807333333333333 1524021879.5192258
2 13.801294367390303 0.971 1524021879.9628763
2 14.229356807152476 0.9548333333333333 1524021880.370414
2 14.826570553382059 0.9274666666666667 1524021880.764788
2 14.018823664670478 0.8927666666666667 1524021881.227222
2 13.510538141262794 0.8509 1524021881.659715
2 13.891862910039476 0.7940666666666667 1524021882.0879023
2 13.718393366259333 0.7227333333333333 1524021882.5325887
2 13.353784600931755 0.6376666666666667 1524021882.9828403
2 12.980508843400541 0.5390333333333334 1524021883.4591694
2 12.619226494094779 0.42756666666666665 1524021883.9405031
2 11.046815907669847 0.32126666666666664 1524021884.5463607
2 8.886224778157144 0.27686666666666665 1524021885.283971
2 7.948094382785439 0.3122 1524021886.053685
2 8.168634444789287 0.37216666666666665 1524021886.7617106
2 8.996652634808152 0.40726666666666667 1524021887.389542
2 9.772409472190612 0.41096666666666665 1524021887.9877055
2 10.430673633572967 0.3989666666666667 1524021888.5403583
2 10.248399768487365 0.3893333333333333 1524021889.158083
2 9.826677355592473 0.3907333333333333 1524021889.763607
2 9.41632274057031 0.411 1524021890.460001
2 9.441202196183056 0.4314 1524021891.0270839
2 10.445711170222076 0.42173333333333335 1524021891.5831156
2 9.464685472593985 0.4421333333333333 1524021892.2939203
2 9.19538310392831 0.47546666666666665 1524021892.88618
2 10.52011302582941 0.4664 1524021893.4328778
2 10.700990711713196 0.4545 1524021894.007628
2 10.561769520047624 0.4444 1524021894.570592
2 10.41737559888024 0.4362333333333333 1524021895.16186
2 10.172250781529124 0.43156666666666665 1524021895.7509375
2 9.788690600150618 0.4388 1524021896.3853526
2 9.78476146195971 0.44643333333333335 1524021896.9733696
2 10.521188770460318 0.437 1524021897.5280857
2 10.040926013218106 0.4345333333333333 1524021898.1741848
2 9.345872911337526 0.46203333333333335 1524021898.8096783
2 10.885316883931527 0.4477 1524021899.2725976
2 11.930070914197849 0.4171666666666667 1524021899.8135152
2 10.593072925867654 0.4060666666666667 1524021900.403644
2 9.510614427757666 0.4262 1524021901.0800173
2 9.439409288464883 0.4502333333333333 1524021901.685316
2 10.414018665280224 0.4428666666666667 1524021902.23129
2 10.454996143383898 0.43473333333333336 1524021902.8307467
2 10.294313464861945 0.42893333333333333 1524021903.3933911
2 9.976434741125324 0.4286 1524021904.0329418
2 9.874422106657962 0.43296666666666667 1524021904.6100495
2 10.487840686902105 0.4242666666666667 1524021905.1747465
2 10.549028431156705 0.41446666666666665 1524021905.7493708
2 10.47796825036029 0.4055666666666667 1524021906.3253922
2 10.16276744410911 0.4013333333333333 1524021906.9298484
2 9.325998338546608 0.4308666666666667 1524021907.6094794
2 9.414545091641216 0.4571 1524021908.1976347
2 10.417299304934783 0.45013333333333333 1524021908.7625768
2 10.480608020873008 0.44206666666666666 1524021909.3427026
2 10.043809924356284 0.44066666666666665 1524021909.9541736
2 9.993806872505333 0.4402 1524021910.5466206
2 10.34585765441108 0.4341 1524021911.116864
2 10.246614490163731 0.42943333333333333 1524021911.7135484
2 9.809167895110633 0.43743333333333334 1524021912.3411756
2 10.310083423387415 0.4319 1524021912.882571
2 10.54282573339125 0.42263333333333336 1524021913.4797165
2 9.914140734661634 0.4256666666666667 1524021914.0859776
2 10.031862292498094 0.4242666666666667 1524021914.7030559
2 9.81324199179791 0.4321 1524021915.314329
2 9.66765025568688 0.4469 1524021915.9142694
2 10.41938975904023 0.43993333333333334 1524021916.4692323
2 10.202447925140051 0.4362 1524021917.0905452
2 9.995866809032607 0.4357666666666667 1524021917.6715868
2 9.892259631105258 0.4402 1524021918.318309
2 9.599290880559563 0.45843333333333336 1524021918.920136
2 10.005373034636259 0.45816666666666667 1524021919.5042183
2 10.170816455354581 0.4553 1524021920.1309202
2 9.760644945801502 0.46626666666666666 1524021920.7261224
2 9.811075243746998 0.4750666666666667 1524021921.322538
2 10.151796374752738 0.4728 1524021921.906867
2 10.50765422453667 0.4649333333333333 1524021922.466059
2 10.805604969720553 0.45226666666666665 1524021923.0209904
2 10.547403370118516 0.44343333333333335 1524021923.6037123
2 10.393236194538398 0.4368666666666667 1524021924.177432
2 10.312868152396508 0.43146666666666667 1524021924.768094
2 10.071786914154497 0.42973333333333336 1524021925.3652387
2 9.91037944315072 0.43333333333333335 1524021925.9782743
2 9.991960559025339 0.43316666666666664 1524021926.5646167
2 10.05285838628721 0.4318 1524021927.1703157
2 10.23066905556372 0.4276333333333333 1524021927.7483687
2 9.759424242674235 0.43833333333333335 1524021928.401543
2 9.873071703823422 0.4439 1524021928.9528763
2 10.452310596503892 0.4365 1524021929.5490036
2 9.824335131467015 0.44433333333333336 1524021930.2064984
2 9.387758287392105 0.4730333333333333 1524021930.826243
2 9.703920397356008 0.48733333333333334 1524021931.4197118
2 4 frame freq 1524021931.4221497
2 7.723317160687071 0.48733333333333334 1524021931.887145
2 8.305025131078482 0.4921333333333333 1524021932.3182564
2 8.326089889418501 0.5056666666666667 1524021932.8603308
2 8.335550338654873 0.5296666666666666 1524021933.3270197
2 8.326776534927598 0.5667666666666666 1524021933.766932
2 9.066103013355477 0.5991333333333333 1524021934.1840267
2 9.353723558324807 0.6304 1524021934.601762
2 9.481386217254006 0.6622666666666667 1524021935.0328624
2 9.684335741557803 0.6922 1524021935.4231195
2 10.126314196970903 0.7162666666666667 1524021935.7889826
2 10.613611255984031 0.7370333333333333 1524021936.1644328
2 10.769479786547794 0.7560333333333333 1524021936.5352771
2 10.8501530044715 0.7736333333333333 1524021936.8919606
2 10.57130626322945 0.7921 1524021937.298875
2 10.756937061915062 0.8088 1524021937.6515372
2 10.635515247724053 0.8255 1524021938.0205739
2 10.90640453045518 0.8397666666666667 1524021938.3989222
2 11.06424144481168 0.8521 1524021938.7384243
2 10.809030567871469 0.8649666666666667 1524021939.1410868
2 10.958696400669778 0.8761 1524021939.4867299
2 10.868639027455158 0.8869666666666667 1524021939.842617
2 11.591669119133925 0.8923666666666666 1524021940.1723526
2 11.576326406703005 0.8963666666666666 1524021940.5247295
2 11.305467641550058 0.9007 1524021940.9040422
2 10.867486988878781 0.9068333333333334 1524021941.2795298
2 10.956758534455219 0.9118 1524021941.6224282
2 11.362886464899203 0.9135333333333333 1524021941.9596221
2 11.94191173453241 0.9106333333333333 1524021942.2837515
2 11.64158061825034 0.9082333333333333 1524021942.6541646
2 11.305910146433689 0.9069666666666667 1524021943.012461
2 11.225626027631817 0.9055 1524021943.3508494
2 11.26564220202276 0.9030666666666667 1524021943.7222264
2 11.198473012444516 0.9003666666666666 1524021944.0837493
2 10.710023914855014 0.9001666666666667 1524021944.4716845
2 10.645990406434963 0.9000333333333334 1524021944.8488648
2 10.754327808980506 0.8989 1524021945.2019067
2 10.949831044207953 0.8961666666666667 1524021945.568076
2 10.859788929782423 0.8935333333333333 1524021945.951512
2 10.50902751555486 0.8927333333333334 1524021946.3436544
2 10.448366199523889 0.8920666666666667 1524021946.7175236
2 10.883188282853348 0.8884666666666666 1524021947.0535848
2 10.667398487529537 0.8858 1524021947.4677467
2 10.67915538452409 0.8827666666666667 1524021947.84142
2 10.341875110458354 0.8815666666666667 1524021948.213698
2 10.69311717654228 0.8779666666666667 1524021948.5911813
2 10.704179798633193 0.8739666666666667 1524021948.9625034
2 10.63835338249496 0.8700666666666667 1524021949.344755
2 10.898439442549725 0.8642333333333333 1524021949.6918738
2 10.349168811643818 0.8615 1524021950.1215239
2 10.611597095824031 0.8569333333333333 1524021950.4731762
2 10.583566700264008 0.8522666666666666 1524021950.825659
2 10.852258717366048 0.8455666666666667 1524021951.2273922
2 10.505403553145765 0.8407 1524021951.617895
2 10.38694194403839 0.8363666666666667 1524021951.9785383
2 10.790605580044176 0.8292666666666667 1524021952.340345
2 11.191354787333601 0.8192 1524021952.6895523
2 11.394983327751946 0.8072333333333334 1524021953.0406177
2 11.26056865465002 0.7954 1524021953.3981817
2 10.933343922595201 0.7850333333333334 1524021953.7875788
2 10.805849110346003 0.7750333333333334 1524021954.1498923
2 10.593851124111287 0.766 1524021954.5297434
2 10.768388783127797 0.7554666666666666 1524021954.9015598
2 10.459947620443904 0.7465666666666667 1524021955.2948825
2 10.581659351627641 0.7366 1524021955.6632853
2 10.693475758085913 0.7255666666666667 1524021956.0238216
2 10.751382862685968 0.7137333333333333 1524021956.4121737
2 10.647981678411327 0.7021333333333334 1524021956.7941098
2 10.281183276849214 0.6926 1524021957.1899934
2 10.499429737216671 0.6814666666666667 1524021957.5572178
2 10.334238086518349 0.6711333333333334 1524021957.9515574
2 10.216890369014607 0.6614 1524021958.3657446
2 9.895105395270717 0.6551 1524021958.76903
2 9.931360278150745 0.6482666666666667 1524021959.1596386
2 10.09379771741815 0.6395333333333333 1524021959.5522013
2 10.370073352698377 0.6289 1524021959.926913
2 10.427301441183872 0.6176666666666667 1524021960.3104694
2 10.285486255372856 0.6071 1524021960.7230158
2 10.02505687256355 0.5981333333333333 1524021961.1243298
2 9.780374560096076 0.5938333333333333 1524021961.5408802
2 9.586023363445006 0.5940666666666666 1524021961.9712691
2 9.473955186966721 0.5975333333333334 1524021962.381813
2 9.460313829519446 0.6024333333333334 1524021962.8118646
2 9.637506517837764 0.6046333333333334 1524021963.2181535
2 9.627977404050494 0.6076666666666667 1524021963.6303587
2 9.688150438830544 0.6100666666666666 1524021964.0512397
2 9.731775316841484 0.6120333333333333 1524021964.4499772
2 9.780260119177882 0.6134333333333334 1524021964.8571384
2 9.865434679883407 0.6134 1524021965.269331
2 9.65047648856506 0.6180333333333333 1524021965.6921203
2 9.476411852010365 0.6269 1524021966.1215093
2 9.348955186733894 0.6393666666666666 1524021966.5510528
2 9.6003208488232 0.6475 1524021966.9442387
2 9.768266710952421 0.6526666666666666 1524021967.3507378
2 10.079713855087222 0.6527 1524021967.7427442
2 10.120218310729072 0.6524 1524021968.1291754
2 10.551248584969432 0.6490333333333334 1524021968.4886818
2 9.894853625250708 0.6515666666666666 1524021968.9530816
2 9.639665636494131 0.6596666666666666 1524021969.3677053
2 9.3139973009266 0.6754333333333333 1524021969.7849724
2 9.677919420745072 0.6844333333333333 1524021970.1933417
2 10.018297228996266 0.6868 1524021970.565573
2 10.09196666272723 0.6886 1524021970.971265
2 10.302850757358327 0.6888666666666666 1524021971.3601277
2 10.226930652236444 0.6895333333333333 1524021971.7379107
2 10.677972828369546 0.6868666666666666 1524021972.0994518
2 10.607469593374931 0.6843666666666667 1524021972.4901977
2 10.246103320729185 0.6842 1524021972.9085703
2 9.627313646725037 0.6938333333333333 1524021973.343813
2 9.716959032634204 0.7020666666666666 1524021973.7264662
2 9.88568309300707 0.7070333333333333 1524021974.124691
2 9.946817431499845 0.7108333333333333 1524021974.5495358
2 9.799188647045177 0.7179333333333333 1524021974.9503543
2 9.589082750657731 0.7300333333333333 1524021975.3766117
2 9.827096972292475 0.7375666666666667 1524021975.769732
2 9.761865648928778 0.7468333333333333 1524021976.1809235
2 10.410265003163863 0.7482333333333333 1524021976.5280216
2 10.270639453587378 0.7504333333333333 1524021976.9391756
2 10.263483081503745 0.7525333333333334 1524021977.3498116
2 10.25792888227465 0.7545666666666667 1524021977.6993039
2 10.525476490194867 0.7545333333333333 1524021978.0800946
2 10.856958424406047 0.7518 1524021978.4535658
2 10.518343006294868 0.7511333333333333 1524021978.8428285
2 10.487329517467565 0.7504333333333333 1524021979.2236733
2 10.59686473495674 0.7487 1524021979.5875602
2 10.6005497325222 0.7466666666666667 1524021979.9739563
2 10.762170826573247 0.7431666666666666 1524021980.339219
2 10.432863269807525 0.7417333333333334 1524021980.7377245
2 10.415987049072953 0.7402 1524021981.1230588
2 10.126840625194543 0.7406 1524021981.5249538
2 10.270982776341924 0.7398666666666667 1524021981.906441
2 10.368547473789283 0.7383 1524021982.2800674
2 10.667146717509528 0.7344 1524021982.6398473
2 10.428689990991156 0.7319333333333333 1524021983.0583951
2 10.043962512247203 0.7320666666666666 1524021983.47513
2 10.104990039216345 0.7317333333333333 1524021983.833641
2 10.342638049912898 0.7296333333333334 1524021984.2174335
