2 1 1524022435.545155
2 8.71068766845518 0.99 1524022436.9507039
2 9.253313096711997 0.99 1524022437.2494116
2 9.615419420628658 0.99 1524022437.5627222
2 9.254846605015642 0.99 1524022437.9508178
2 8.900079758651708 0.99 1524022438.2986538
2 8.60404399149874 0.99 1524022438.6415615
2 8.595048935329633 0.99 1524022438.9526162
2 9.222787889135606 0.99 1524022439.250692
2 9.695306810914177 0.99 1524022439.5370944
2 9.473657640579457 0.99 1524022439.9097629
2 9.40270427130666 0.99 1524022440.2285247
2 9.066293748219122 0.99 1524022440.5818264
2 8.685525925244253 0.99 1524022440.9192784
2 9.011232407784522 0.99 1524022441.2343483
2 9.21013835297923 0.99 1524022441.5436091
2 9.410173448566677 0.99 1524022441.8580756
2 9.846475634437947 0.99 1524022442.1379428
2 9.519968065470396 0.99 1524022442.4937067
2 9.336999925481164 0.99 1524022442.823403
2 9.584116014808638 0.99 1524022443.1116726
2 9.237611802737439 0.99 1524022443.4365237
2 9.402994188299397 0.99 1524022443.7792645
2 9.312662156881133 0.99 1524022444.1141338
2 9.044221909799104 0.99 1524022444.437215
2 8.955278428188116 0.99 1524022444.7680576
2 8.948579819777198 0.99 1524022445.1154277
2 8.92460063272081 0.99 1524022445.4583712
2 9.125780137490079 0.99 1524022445.7520373
2 9.526445421439501 0.99 1524022446.0345564
2 9.976404223547142 0.99 1524022446.3206425
2 9.978769335856237 0.99 1524022446.6605866
2 9.461778673272168 0.99 1524022447.019467
2 9.134164842095542 0.99 1524022447.343022
2 8.654687912491497 0.99 1524022447.7058623
2 9.104806931884605 0.99 1524022447.978373
2 9.177141221570123 0.99 1524022448.32037
2 9.06550029118639 0.99 1524022448.6734235
2 9.30044749621386 0.99 1524022448.999849
2 8.839517624749837 0.99 1524022449.3357801
2 8.803018601244347 0.99 1524022449.6848679
2 9.008447678775436 0.99 1524022450.0027866
2 8.875268967589868 0.99 1524022450.3507464
2 8.762285263766136 0.99 1524022450.6997278
2 8.955163987269932 0.99 1524022451.0311573
2 8.739336044973397 0.99 1524022451.3780372
2 8.789377243797064 0.99 1524022451.7159023
2 8.854875595969844 0.99 1524022452.054736
2 9.04636576966637 0.99 1524022452.3571706
2 8.809442551451626 0.99 1524022452.7394109
2 8.788103134907972 0.99 1524022453.0902267
2 8.890932114591696 0.99 1524022453.4104438
2 8.530519516264134 0.99 1524022453.761868
2 8.801248581709801 0.99 1524022454.1023984
2 8.884401352860786 0.99 1524022454.4305954
2 8.636896164411493 0.99 1524022454.7995305
2 8.799287827311623 0.99 1524022455.12789
2 9.244882615739265 0.99 1524022455.3938763
2 9.020021470300899 0.99 1524022455.761642
2 9.159997972026467 0.99 1524022456.1092916
2 9.522028001997679 0.99 1524022456.3846908
2 8.722002060566108 0.99 1524022456.7693849
2 8.917520554582627 0.99 1524022457.1083326
2 9.034242661733636 0.99 1524022457.439049
2 8.942659409609927 0.99 1524022457.7215927
2 9.208986314402877 0.99 1524022458.080012
2 9.219163926726516 0.99 1524022458.4096289
2 9.144823106275545 0.99 1524022458.7503269
2 9.21778300631379 0.99 1524022459.0232692
2 9.215280564902875 0.99 1524022459.3814633
2 8.970972092768125 0.99 1524022459.7450695
2 8.844087632082562 0.99 1524022460.1026723
2 8.982843430680864 0.99 1524022460.364256
2 9.132699998342803 0.99 1524022460.6965077
2 9.57029155189226 0.99 1524022461.0004883
2 9.761941942874232 0.99 1524022461.3300376
2 9.11526683180643 0.99 1524022461.682198
2 9.295160325793844 0.99 1524022461.9842937
2 9.083444627157306 0.99 1524022462.3170226
2 8.911104233769898 0.99 1524022462.674161
2 8.94977763472084 0.99 1524022463.0238667
2 8.728677780793378 0.99 1524022463.3619556
2 8.347803146294881 0.99 1524022463.7591164
2 8.589014084244177 0.99 1524022464.0799346
2 8.4576130219877 0.99 1524022464.4422193
2 8.739526779837027 0.99 1524022464.7277887
2 9.68563273863054 0.99 1524022464.994266
2 9.621011766830481 0.99 1524022465.3247352
2 9.724313768976028 0.99 1524022465.6774967
2 9.387498887977562 0.99 1524022466.0061998
2 8.69507792721517 0.99 1524022466.3793302
2 8.417131454529493 0.99 1524022466.7529814
2 8.491838485918645 0.99 1524022467.0824893
2 8.455698043956795 0.99 1524022467.4326136
2 8.733751328166111 0.99 1524022467.7540243
2 8.97158244433177 0.99 1524022468.0902576
2 9.022516282317255 0.99 1524022468.413675
2 9.368455919192092 0.99 1524022468.7059429
2 9.199640306084676 0.99 1524022469.057606
2 9.312723192037506 0.99 1524022469.3706894
2 9.111856492444604 0.99 1524022469.7370455
2 8.873750718075327 0.99 1524022470.0636122
2 8.934396775317191 0.99 1524022470.3999257
2 8.785669358047969 0.99 1524022470.7430043
2 9.098985703846418 0.99 1524022471.0564034
2 8.870500595998951 0.99 1524022471.418356
2 8.934412034106279 0.99 1524022471.737409
2 8.919313462300813 0.99 1524022472.0907283
2 8.83193400657165 0.99 1524022472.4147344
2 9.02583506894454 0.99 1524022472.7481167
2 8.936166794851738 0.99 1524022473.079989
2 8.667474777749698 0.99 1524022473.4744086
2 8.852235825457115 0.99 1524022473.7706475
2 8.63067820785694 0.99 1524022474.1325872
2 8.893083603853524 0.99 1524022474.4361258
2 9.291200670024757 0.99 1524022474.763606
2 9.12240794510098 0.99 1524022475.0834107
2 9.460557970144896 0.99 1524022475.401442
2 9.269762071352018 0.99 1524022475.7321143
2 9.295557054310217 0.99 1524022476.057481
2 9.173402818242847 0.99 1524022476.3860068
2 9.076799424508211 0.99 1524022476.729053
2 8.82391551290437 0.99 1524022477.0907185
2 9.087884934782775 0.99 1524022477.3774915
2 8.981760056655414 0.99 1524022477.7246368
2 9.460252794363074 0.99 1524022477.9975345
2 9.565622362430435 0.99 1524022478.3420582
2 9.6711597771778 0.99 1524022478.618675
2 9.536813768626772 0.99 1524022478.9795895
2 9.12993052812281 0.99 1524022479.312152
2 9.076402695991847 0.99 1524022479.6654398
2 8.65838053945151 0.99 1524022479.9990351
2 8.870714219046233 0.99 1524022480.3404405
2 8.540781051927775 0.99 1524022480.7173574
2 8.641687424186038 0.99 1524022481.0474398
2 8.664438278720603 0.99 1524022481.3901913
2 9.110734971446428 0.99 1524022481.658653
2 9.358819993881182 0.99 1524022481.9984941
2 9.124506028600983 0.99 1524022482.3644583
2 9.030740769637271 0.99 1524022482.7184663
2 8.899141343122619 0.99 1524022483.0043254
2 8.492242843829544 0.99 1524022483.4041255
2 8.924791367584447 0.99 1524022483.715403
2 8.801149399580714 0.99 1524022484.0803854
2 8.544450790704145 0.99 1524022484.4109454
2 8.920564683006264 0.99 1524022484.7485847
2 8.705293686511549 0.99 1524022485.094109
2 8.830324204322558 0.99 1524022485.439055
2 9.229043992662893 0.99 1524022485.7026536
2 9.072465928406396 0.99 1524022486.079899
2 9.128282578900981 0.99 1524022486.4052367
2 9.052133591942741 0.99 1524022486.7641437
2 8.435182602024042 0.99 1524022487.1260004
2 8.576845199944168 0.99 1524022487.478996
2 8.532808334627765 0.99 1524022487.8142624
2 8.711465866698823 0.99 1524022488.1350577
2 8.933023484299008 0.99 1524022488.4773674
2 8.976419480473593 0.99 1524022488.8154442
2 9.338586839546615 0.99 1524022489.0987334
2 9.197961839284682 0.99 1524022489.4424005
2 8.853319199482577 0.99 1524022489.8350992
2 8.886056931477153 0.99 1524022490.163998
2 8.726244003933376 0.99 1524022490.4666092
2 8.822511704308004 0.99 1524022490.809567
2 8.861894638951675 0.99 1524022491.1838033
2 8.810342820007998 0.99 1524022491.5294807
2 8.498949081635006 0.99 1524022491.8806005
2 8.37736705015855 0.99 1524022492.240545
2 8.5435047457805 0.99 1524022492.592043
2 8.853784592549854 0.99 1524022492.876778
2 9.080492051468225 0.99 1524022493.207705
2 9.357065233135714 0.99 1524022493.5217342
2 9.485704454566735 0.99 1524022493.8562274
2 9.051538499168194 0.99 1524022494.2019856
2 9.385576280552103 0.99 1524022494.4837973
2 9.052553208642736 0.99 1524022494.852461
2 8.931947739668091 0.99 1524022495.1954155
2 9.088342698455499 0.99 1524022495.5305536
2 8.491579086504089 0.99 1524022495.8983195
2 8.571649582258702 0.99 1524022496.2463348
2 8.56125071749324 0.99 1524022496.5993505
2 6 frame freq 1524022496.6010602
2 10.833520924362395 0.98 1524022497.0043724
2 14.095186274676001 0.97 1524022497.4447083
2 14.453256648878117 0.96 1524022497.8368921
2 14.556390804343652 0.95 1524022498.2768364
2 13.590761224908311 0.94 1524022498.7138999
2 13.863679926588539 0.93 1524022499.141137
2 14.220613521003381 0.92 1524022499.562113
2 14.452531856396293 0.91 1524022499.9696102
2 14.78363995027476 0.9 1524022500.3756628
2 14.299158137848897 0.89 1524022500.8121831
2 13.927255671335862 0.88 1524022501.2305956
2 14.64951519416555 0.87 1524022501.631235
2 15.185480160984177 0.86 1524022502.0275207
2 14.84246258222026 0.85 1524022502.4334242
2 14.726137203585612 0.84 1524022502.840547
2 14.481393855961782 0.83 1524022503.26963
2 13.86851696273036 0.82 1524022503.7045238
2 13.848909418748521 0.81 1524022504.1371512
2 13.696489374519306 0.8 1524022504.5748308
2 13.330156366024466 0.79 1524022505.034623
2 13.56962780201739 0.78 1524022505.4676304
2 13.9172764232704 0.77 1524022505.890925
2 14.335008662818016 0.76 1524022506.3030407
2 13.746988337015711 0.75 1524022506.7714798
2 13.115732232324289 0.74 1524022507.21974
2 13.326242486622638 0.73 1524022507.6709573
2 13.503015558240973 0.72 1524022508.100363
2 13.338937799146292 0.71 1524022508.5705
2 13.04684642897332 0.7 1524022509.0289104
2 13.023378411351478 0.69 1524022509.483294
2 12.900926628896826 0.68 1524022509.9579573
2 12.368097343236386 0.67 1524022510.4534705
2 12.270265616979948 0.66 1524022510.9364188
2 12.261972465109036 0.65 1524022511.4394336
2 12.342309989672732 0.64 1524022511.9089785
2 12.897317925276836 0.63 1524022512.370793
2 12.62616161373661 0.62 1524022512.8531854
2 12.327569999410906 0.61 1524022513.3417742
2 12.737680473807613 0.6 1524022513.8003109
2 12.778345146734912 0.59 1524022514.2802424
2 11.786897696157725 0.58 1524022514.8183365
2 11.421434438641068 0.57 1524022515.3259614
2 11.9061146153251 0.56 1524022515.82673
2 11.942537344885126 0.55 1524022516.3325076
2 12.239770926981734 0.54 1524022516.808988
2 12.079492606370696 0.53 1524022517.3320334
2 11.52732280553751 0.52 1524022517.842748
2 11.476503408470206 0.51 1524022518.377265
2 11.178789174517222 0.5 1524022518.9167771
2 11.452638662331996 0.49 1524022519.4235442
2 11.141618764291739 0.48 1524022519.991305
2 10.631555591954955 0.47 1524022520.5537415
2 10.967515980764327 0.46 1524022521.091244
2 10.601381336527663 0.45 1524022521.6834395
2 10.211992297716426 0.44 1524022522.261692
2 10.261690173785563 0.43 1524022522.883208
2 9.643388781032318 0.487 1524022523.505561
2 10.006769213838075 0.477 1524022524.0541945
2 10.798845326153273 0.467 1524022524.615884
2 10.526666675743956 0.457 1524022525.1950195
2 10.405374561260228 0.447 1524022525.772013
2 10.216295276240066 0.437 1524022526.370224
2 9.669221910963246 0.4933 1524022527.0092096
2 10.312837634818322 0.4833 1524022527.533704
2 10.989198720062523 0.4733 1524022528.1118119
2 10.128236804396353 0.4633 1524022528.7171922
2 9.932390246414375 0.5169666666666667 1524022529.3132048
2 10.624101673484038 0.5069666666666667 1524022529.8492079
2 11.78078655112681 0.49696666666666667 1524022530.3362274
2 11.253328359226373 0.48696666666666666 1524022530.9152892
2 10.451654468572993 0.47696666666666665 1524022531.4825685
2 10.555826221696718 0.46696666666666664 1524022532.0519207
2 10.346956287225629 0.4569666666666667 1524022532.6417768
2 10.077142749125406 0.4469666666666667 1524022533.2394464
2 9.974626574618044 0.5022666666666666 1524022533.8501437
2 9.865373644727043 0.5520333333333334 1524022534.4571257
2 10.810998951664201 0.5420333333333334 1524022534.9578254
2 11.936365164697857 0.5320333333333334 1524022535.4558833
2 11.74525646072861 0.5220333333333333 1524022535.9786031
2 11.72138408519586 0.5120333333333333 1524022536.4797385
2 11.7453556428577 0.5020333333333333 1524022537.0165625
2 11.477952993433837 0.4920333333333333 1524022537.5319014
2 10.49678996670393 0.4820333333333333 1524022538.1413639
2 10.327951465412891 0.47203333333333336 1524022538.693207
2 11.031663930102564 0.46203333333333335 1524022539.2340798
2 10.629617725740404 0.45203333333333334 1524022539.821764
2 10.361253772603817 0.44203333333333333 1524022540.3918717
2 10.09778026137088 0.4320333333333333 1524022541.0126417
2 10.124460254096348 0.4220333333333333 1524022541.5776389
2 10.26446727340011 0.4120333333333333 1524022542.180508
2 9.586717638348635 0.4708 1524022542.827761
2 10.411134754142045 0.4608 1524022543.3344922
2 4 frame freq 1524022543.3366387
2 8.14336589005471 0.5147 1524022543.7821627
2 9.034578355093629 0.5632 1524022544.2029889
2 9.178934129288297 0.6068666666666667 1524022544.6399486
2 9.732461962350573 0.6461666666666667 1524022545.0137718
2 9.831384692027022 0.6815333333333333 1524022545.4229612
2 10.10656932388725 0.6715333333333333 1524022545.828905
2 10.245821033130996 0.6615333333333333 1524022546.1861897
2 10.185930285949139 0.6515333333333333 1524022546.6017106
2 10.016351733387179 0.6415333333333333 1524022547.0229776
2 9.740419420861487 0.6773666666666667 1524022547.4218087
2 9.76542857618151 0.7096 1524022547.832997
2 10.246667895925544 0.6996 1524022548.1970127
2 10.397241626674758 0.6896 1524022548.5702658
2 10.87450603186061 0.6796 1524022548.936214
2 10.417696033451136 0.6696 1524022549.3483658
2 10.356859241345632 0.6596 1524022549.7332835
2 10.265069995569203 0.6496 1524022550.102598
2 10.419946704842054 0.6396 1524022550.498931
2 10.456758533523905 0.6296 1524022550.8776538
2 10.370821033363828 0.6196 1524022551.260315
2 10.314996753474697 0.6096 1524022551.6610715
2 10.152292285398197 0.5996 1524022552.0594819
2 9.72583964788511 0.6396333333333334 1524022552.4958124
2 9.685228380719623 0.6756666666666666 1524022552.8999476
2 9.741136583948768 0.7081 1524022553.2924697
2 10.22115520056553 0.6981 1524022553.6700294
2 10.260248218216473 0.6881 1524022554.071401
2 10.06550029304903 0.6781 1524022554.485
2 9.881143603252516 0.7102666666666667 1524022554.8817859
2 10.195512805498229 0.7002666666666667 1524022555.2490752
2 10.526147876914866 0.6902666666666667 1524022555.623327
2 10.332651172452897 0.6802666666666667 1524022556.0465465
2 10.220209155641886 0.6702666666666667 1524022556.4203658
2 10.203561816743687 0.6602666666666667 1524022556.7993097
2 10.547395740723978 0.6502666666666667 1524022557.1842983
2 10.144456897200014 0.6402666666666667 1524022557.602408
2 9.775606188505161 0.6762333333333334 1524022558.0293455
2 9.870698962119787 0.7086 1524022558.398493
2 10.025270495610812 0.6986 1524022558.8006115
2 10.685884510513187 0.6886 1524022559.1497164
2 10.17746928739821 0.6786 1524022559.5777092
2 10.264505420372839 0.6686 1524022559.9714863
2 9.787195238819717 0.7017333333333333 1524022560.3767378
2 9.970140490625313 0.7315333333333334 1524022560.7797248
2 9.93471721175074 0.7583666666666666 1524022561.1795676
2 10.28953746387649 0.7483666666666666 1524022561.543876
2 10.677476917724084 0.7383666666666666 1524022561.9039035
2 11.002038991082534 0.7283666666666667 1524022562.2696443
2 10.600206409767662 0.7183666666666667 1524022562.6740317
2 10.191888843089131 0.7083666666666667 1524022563.082046
2 10.041482959019918 0.6983666666666667 1524022563.4630966
2 10.097017321916326 0.6883666666666667 1524022563.862429
2 9.996576342725337 0.7195 1524022564.2809215
2 9.923257861143465 0.7475333333333334 1524022564.6751454
2 10.35277751526382 0.7375333333333334 1524022565.023576
2 11.023965871006189 0.7275333333333334 1524022565.372644
2 11.293977773364597 0.7175333333333334 1524022565.7367878
2 10.925493275607922 0.7075333333333333 1524022566.1243217
2 10.78500560444781 0.6975333333333333 1524022566.482022
2 10.416322742432959 0.6875333333333333 1524022566.8887289
2 10.561464344265811 0.6775333333333333 1524022567.255864
2 10.218782458861881 0.6675333333333333 1524022567.6581671
2 10.424760852800237 0.6575333333333333 1524022568.0389862
2 10.380060230158378 0.6475333333333333 1524022568.4119728
2 10.483110462283927 0.6375333333333333 1524022568.801617
2 10.312852893607426 0.6275333333333334 1524022569.2020035
2 10.176530871869131 0.6175333333333334 1524022569.5936852
2 10.043603930703565 0.6075333333333334 1524022569.997821
2 10.111497912763618 0.5975333333333334 1524022570.3899732
2 9.788995775932445 0.6377666666666667 1524022570.8193705
2 9.497522386717657 0.6739666666666667 1524022571.2601497
2 9.686082872908724 0.7065666666666667 1524022571.6290424
2 9.989770922790784 0.7359 1524022572.0198643
2 10.654123341020432 0.7259 1524022572.3826208
2 10.599206959082197 0.7159 1524022572.7609177
2 10.830820118693307 0.7059 1524022573.1346543
2 10.70196727421501 0.6959 1524022573.503452
2 10.786973988240538 0.6859 1524022573.8738484
2 10.456132923171173 0.6759 1524022574.2806377
2 10.385126148136576 0.6659 1524022574.6585824
2 10.01729777831081 0.6559 1524022575.0719762
2 10.056734118716305 0.6459 1524022575.4759014
2 9.882936510970698 0.6813 1524022575.8705664
2 9.924531970032557 0.7131666666666666 1524022576.2790911
2 10.137926135469094 0.7031666666666667 1524022576.6581998
2 10.31284526421287 0.6931666666666667 1524022577.0369923
2 10.355424915171088 0.6831666666666667 1524022577.4385245
2 10.335802112400172 0.6731666666666667 1524022577.8208258
2 10.011903796367166 0.6631666666666667 1524022578.2361465
2 10.000482592732617 0.6531666666666667 1524022578.6394074
2 9.868463549517964 0.6878333333333333 1524022579.0374963
2 9.790857348201536 0.7190333333333333 1524022579.4588218
2 9.927331957830738 0.7471 1524022579.8486702
2 10.13537028829636 0.7371 1524022580.2190733
2 10.813379322762376 0.7271 1524022580.5699308
2 10.71055034307866 0.7171 1524022580.9692209
2 10.599916492774932 0.7071 1524022581.3526282
2 10.436876331338436 0.6971 1524022581.720018
2 10.40619853587114 0.6871 1524022582.1205945
2 10.423654590591145 0.6771 1524022582.5014033
2 10.322153125558343 0.6671 1524022582.8831503
2 10.432344470978421 0.6571 1524022583.2719128
2 10.208810840190969 0.6471 1524022583.6776145
2 9.927904162421651 0.6823666666666667 1524022584.090867
2 9.627733263425041 0.7141 1524022584.5178628
2 9.680833849461438 0.7426666666666667 1524022584.917841
2 9.94951060777439 0.7684 1524022585.2991145
2 9.94584086899803 0.7915333333333333 1524022585.7262096
2 10.173044238561848 0.7815333333333333 1524022586.097642
2 10.345933948356535 0.7715333333333333 1524022586.4567497
2 10.583795582100366 0.7615333333333333 1524022586.8583748
2 10.66194347042953 0.7515333333333334 1524022587.220703
2 10.622781788227673 0.7415333333333334 1524022587.5855079
2 10.781137501413262 0.7315333333333334 1524022587.9724176
2 10.598047291111289 0.7215333333333334 1524022588.3565109
2 9.989244494567153 0.7493666666666666 1524022588.787392
2 10.197435412923683 0.7393666666666666 1524022589.1492488
2 10.487344776256657 0.7293666666666667 1524022589.49888
2 10.764352833413245 0.7193666666666667 1524022589.9014187
2 10.348108325801995 0.7093666666666667 1524022590.308283
2 10.068414721765393 0.6993666666666667 1524022590.6918914
2 10.292902026871039 0.6893666666666667 1524022591.0766516
2 10.390237842482035 0.6793666666666667 1524022591.4564357
2 10.388521228709296 0.6693666666666667 1524022591.8480666
2 10.064638171465395 0.6593666666666667 1524022592.269444
2 10.073068652438128 0.6493666666666666 1524022592.647667
2 10.05342296148357 0.6393666666666666 1524022593.0395885
2 10.075243029883593 0.6293666666666666 1524022593.4584188
2 9.908334765412533 0.6664 1524022593.8577642
2 9.653314623335971 0.6997333333333333 1524022594.2807038
2 10.061143908763581 0.6897333333333333 1524022594.6530735
2 10.146532092516368 0.6797333333333333 1524022595.042651
2 10.219385181030974 0.6697333333333333 1524022595.4578552
2 10.10551646743997 0.6597333333333333 1524022595.8388925
2 10.382638965514749 0.6497333333333334 1524022596.1952448
2 10.53653911228579 0.6397333333333334 1524022596.5964978
