2 3 1524025619.4906092
1 3 1524025619.7135506
2 9.380823167750284 0.99 1524025620.7902548
1 10.139711413792726 0.99 1524025620.9173112
2 10.469652210305725 0.9899666666666667 1524025621.0616248
1 10.437906299602064 0.9899666666666667 1524025621.194018
2 10.991045033542532 0.9899333333333333 1524025621.3316643
1 10.933076893786112 0.9899333333333333 1524025621.46712
2 10.363077197900191 0.9899 1524025621.6665714
1 10.942232167240672 0.9899 1524025621.74428
2 10.047449145554474 0.9898666666666667 1524025621.9839108
1 10.858476673920595 0.9898666666666667 1524025622.0260272
1 10.834619557176945 0.9898 1524025622.300765
2 9.550966295508614 0.9899 1524025622.3225567
1 10.861497914160598 0.9897333333333334 1524025622.5769613
2 9.48060801901037 0.99 1524025622.6009629
1 10.874956166138794 0.9896666666666667 1524025622.8466942
2 9.911371264441627 0.99 1524025622.8783474
1 10.862756764260604 0.9895666666666667 1524025623.1326313
2 10.303155933140145 0.9899666666666667 1524025623.161536
1 10.801073109360544 0.9894666666666667 1524025623.4126205
2 10.200334582850964 0.9899333333333333 1524025623.492463
1 10.761705433505968 0.9893333333333333 1524025623.6876485
2 10.04161265872719 0.9899 1524025623.7898936
1 10.686845814225917 0.9892 1524025623.9685667
2 10.088007006958138 0.9898666666666667 1524025624.0683548
1 10.843530690006045 0.9890333333333333 1524025624.235117
2 9.48357585348855 0.99 1524025624.4193432
1 10.86590770420788 0.9888333333333333 1524025624.5158877
2 9.913682970988903 0.99 1524025624.703204
1 10.859766041598784 0.9886 1524025624.7971187
2 10.112932238938168 0.9899666666666667 1524025624.976004
1 10.81884959865147 0.9883333333333333 1524025625.0784612
2 9.684862169781447 0.99 1524025625.3058097
1 10.77291301409326 0.9880333333333333 1524025625.347761
2 10.199678454920049 0.9899666666666667 1524025625.5909915
1 10.813295399422378 0.9876666666666667 1524025625.6256156
2 10.371881519205644 0.9899 1524025625.8639834
1 10.803804432607826 0.9872666666666666 1524025625.9091263
1 10.856645619229688 0.9867666666666667 1524025626.1914961
2 9.551401170997705 0.99 1524025626.2424738
1 10.68320659302772 0.9862666666666666 1524025626.4716127
2 9.598314318057739 0.99 1524025626.5556092
1 10.7265186658623 0.9857 1524025626.7457411
2 9.195573838791956 0.99 1524025626.8947754
1 10.820695912131479 0.9850333333333333 1524025627.013568
2 8.758745224697039 0.99 1524025627.2314675
1 10.931970631577025 0.9842666666666666 1524025627.281537
2 9.425004991563052 0.99 1524025627.5077105
1 11.022691762117102 0.9833333333333333 1524025627.5623968
1 11.076067006357144 0.9822666666666666 1524025627.827224
2 9.367723497315732 0.99 1524025627.8467872
1 10.97601512628797 0.9810666666666666 1524025628.1073036
2 9.908762011507086 0.99 1524025628.1263132
1 10.868143116809692 0.9797333333333333 1524025628.393517
2 9.868112597368876 0.99 1524025628.450643
1 10.754640614156871 0.9783 1524025628.6777585
2 9.508752855488575 0.99 1524025628.769732
1 10.786722218220541 0.9767333333333333 1524025628.940834
2 10.015283618150809 0.99 1524025629.0376372
1 10.856561695889694 0.975 1524025629.2134707
2 9.346536668662978 0.99 1524025629.3902006
1 10.950876271260674 0.9730666666666666 1524025629.4826977
2 9.795770678288807 0.99 1524025629.6714342
1 11.142427480113557 0.9708 1524025629.752952
2 10.251298938414646 0.99 1524025629.9388614
1 11.055597340791667 0.9683 1524025630.026752
2 9.670854601395986 0.99 1524025630.277377
1 11.060083424784397 0.9655 1524025630.2992916
2 10.340532337018356 0.99 1524025630.5532691
1 10.999612843617076 0.9624333333333334 1524025630.58377
1 10.890298878569714 0.9591333333333333 1524025630.856395
2 9.857980761412495 0.99 1524025630.8897948
1 10.838937794489674 0.9556 1524025631.134503
2 9.58771708903409 0.99 1524025631.1899917
1 10.681978260505904 0.9519 1524025631.420111
2 9.54062083650496 0.99 1524025631.5336654
1 10.702371632125926 0.948 1524025631.693369
2 9.184228929102845 0.99 1524025631.8578253
1 10.71019939092957 0.9438666666666666 1524025631.9787471
2 9.678377184417805 0.99 1524025632.13097
1 10.742670094115054 0.9395 1524025632.2508008
2 9.306322130013855 0.99 1524025632.480462
1 10.861948048438778 0.9347666666666666 1524025632.5280137
2 9.529298814999494 0.99 1524025632.7963684
1 10.775644337340525 0.9297666666666666 1524025632.8174794
2 9.816385302350648 0.99 1524025633.0809422
1 10.822397267115116 0.9244333333333333 1524025633.1011238
2 9.790926012752438 0.99 1524025633.355173
1 10.69648936893138 0.9188666666666667 1524025633.376974
2 10.463914905607545 0.99 1524025633.6396015
1 10.638910328296781 0.9131 1524025633.6639924
2 10.506631885667584 0.99 1524025633.9360447
1 10.604036365829485 0.9071 1524025633.9563584
1 10.549974476080349 0.9009333333333334 1524025634.2201068
2 10.158754382578207 0.99 1524025634.2605562
1 10.604692493760394 0.8945 1524025634.5047252
2 9.727075609801478 0.99 1524025634.5876281
1 10.557725940938525 0.8878666666666667 1524025634.7900832
2 9.247629197775627 0.99 1524025634.9257703
1 10.513750110778492 0.8810333333333333 1524025635.0814543
2 9.34888652218299 0.99 1524025635.221818
1 10.373933826338382 0.8741333333333333 1524025635.3791952
2 9.466135057557633 0.99 1524025635.5285993
1 10.343141589952902 0.8671 1524025635.6621842
2 9.85363200652159 0.99 1524025635.805466
1 10.355287586069272 0.8599666666666667 1524025635.9463997
2 9.930597338696192 0.99 1524025636.13251
1 10.370836292152923 0.8526666666666667 1524025636.2361264
2 9.735200914992399 0.99 1524025636.4525194
1 10.416536365480228 0.8452 1524025636.5302753
2 9.752428087876048 0.99 1524025636.7624648
1 10.390794788283854 0.8376 1524025636.8219073
1 10.308931384811046 0.8299333333333333 1524025637.1143048
2 9.18537333828467 0.99 1524025637.1368394
1 10.190858874825503 0.8222333333333334 1524025637.4158874
2 9.070589097348217 0.99 1524025637.4548843
1 10.128259692579999 0.8145333333333333 1524025637.7151968
2 9.327569993822966 0.99 1524025637.7385645
1 10.03105357667628 0.8068666666666666 1524025638.015488
2 9.052553208642744 0.99 1524025638.0854204
1 9.995111498972614 0.7992 1524025638.3147323
2 9.129678758102798 0.99 1524025638.4288886
1 9.974878344638048 0.7915666666666666 1524025638.6164598
2 9.468904527777635 0.99 1524025638.7223983
1 9.938043627772569 0.7840333333333334 1524025638.919962
2 9.544168504968605 0.99 1524025638.9943361
1 9.841928515288847 0.7768333333333334 1524025639.2342844
2 9.855150256036131 0.99 1524025639.3016562
1 9.803781542561545 0.7699333333333334 1524025639.537787
2 10.249391589778277 0.99 1524025639.5978084
1 9.69121745543782 0.7637333333333334 1524025639.8561492
2 10.284433398925577 0.99 1524025639.8963284
1 9.527414354546773 0.7587333333333334 1524025640.1815398
2 10.075510058692679 0.99 1524025640.20158
2 9.971673998928958 0.99 1524025640.5071595
1 9.41526225472849 0.7552666666666666 1524025640.527622
1 9.33471873651206 0.7532 1524025640.8221352
2 9.664033922672337 0.99 1524025640.841179
1 9.325059923017507 0.7524 1524025641.1417532
2 9.429430040399414 0.99 1524025641.164648
1 9.381502183864827 0.7524333333333333 1524025641.4621375
2 9.410394701008494 0.99 1524025641.4871314
2 9.709863695706924 0.99 1524025641.7417307
1 9.394762071584838 0.7532333333333333 1524025641.7850041
1 9.402124437321211 0.7546333333333334 1524025642.098154
2 9.455446275799439 0.99 1524025642.119087
1 9.386728319128473 0.7566333333333334 1524025642.420636
2 9.107118638431883 0.99 1524025642.4795797
1 9.36223796263754 0.7591666666666667 1524025642.743072
2 9.226816209455617 0.99 1524025642.764197
1 9.389154466593927 0.762 1524025643.0672758
2 8.991220505891775 0.99 1524025643.0942252
1 9.322000535804788 0.7653333333333333 1524025643.3853567
2 9.263681443899284 0.99 1524025643.405635
2 10.052690539607207 0.99 1524025643.6734543
1 9.36445048705573 0.7687333333333334 1524025643.7012248
2 9.856676134945229 0.99 1524025643.9796739
1 9.364213975824818 0.7722666666666667 1524025644.02279
2 9.74501994577241 0.99 1524025644.3136036
1 9.358194383528442 0.7758666666666667 1524025644.3463368
2 9.97306254873623 0.99 1524025644.6099815
1 9.418909105321228 0.7792 1524025644.6616454
2 9.72987559759967 0.99 1524025644.9066167
1 9.474489244584904 0.7822333333333333 1524025644.9701004
2 10.002344165001714 0.99 1524025645.1790328
1 9.567201647101342 0.7848 1524025645.2790506
2 10.433855091098426 0.99 1524025645.457009
1 9.7432728144215 0.7865333333333333 1524025645.5763216
2 10.059946093819944 0.99 1524025645.8002987
1 9.77868083450698 0.7880333333333334 1524025645.8871636
2 9.955781970090754 0.99 1524025646.1150784
1 9.71510508975965 0.7897 1524025646.2043455
2 9.46792033588126 0.99 1524025646.446268
1 9.693048510128719 0.7913666666666667 1524025646.5156388
2 9.506471666519474 0.99 1524025646.7196436
1 9.643754991970498 0.7931333333333334 1524025646.8211179
2 9.342157396193894 0.99 1524025647.0841243
1 9.681184801610536 0.7946333333333333 1524025647.1270576
2 9.085001023644592 0.99 1524025647.4343288
1 9.666643175606886 0.7960666666666667 1524025647.4560516
2 9.547212633392244 0.99 1524025647.7050753
1 9.678232225921445 0.7973666666666667 1524025647.7579978
2 9.596330675475912 0.99 1524025647.9701183
1 9.649110826941415 0.7986666666666666 1524025648.064772
2 10.089555774050867 0.99 1524025648.2733278
1 9.647317919223228 0.7998666666666666 1524025648.3696644
2 10.077112231547222 0.99 1524025648.6236434
1 9.710046801176018 0.8007 1524025648.6811864
2 9.624002489492307 0.99 1524025648.9512477
1 9.758386645016058 0.8012333333333334 1524025648.9871964
2 9.607355150594103 0.99 1524025649.2224503
1 9.792032274961533 0.8015333333333333 1524025649.2910264
2 9.501771959479473 0.99 1524025649.5365684
1 9.735963854446936 0.802 1524025649.6024024
2 10.130113635454537 0.99 1524025649.8080537
1 9.764871630379698 0.8022666666666667 1524025649.9085329
2 10.603792225204026 0.99 1524025650.0817902
1 9.793748888734257 0.8023333333333333 1524025650.2108102
2 9.924821887025278 0.99 1524025650.4298618
1 9.821878466423383 0.8022333333333334 1524025650.513319
2 10.375452075852925 0.99 1524025650.6946838
1 9.82972911341066 0.8020333333333334 1524025650.8239143
2 10.418146167729322 0.99 1524025650.9600787
1 9.86711314668342 0.8016333333333333 1524025651.1250014
2 10.426660572042058 0.99 1524025651.232323
1 9.784547838912438 0.8015666666666666 1524025651.43697
2 10.788850819298716 0.99 1524025651.5401719
1 9.729227099063305 0.8017 1524025651.745697
2 10.28481486865285 0.99 1524025651.860455
1 9.843561205721572 0.8012333333333334 1524025652.0440452
2 10.00522044674534 0.99 1524025652.1613595
1 9.851038012376131 0.8007 1524025652.3463347
2 9.94668773179257 0.99 1524025652.43884
1 9.947153124859838 0.7997 1524025652.6430266
2 9.57826426919227 0.99 1524025652.7933
1 9.937242541345292 0.7987333333333333 1524025652.9557967
2 9.825128588499748 0.99 1524025653.0806656
1 9.82432750207247 0.7982666666666667 1524025653.264873
2 9.437051805550329 0.99 1524025653.4321241
1 9.798402819406999 0.7978666666666666 1524025653.5700982
2 9.473405870559459 0.99 1524025653.707853
1 9.735132250441483 0.7977333333333333 1524025653.8757622
2 10.104890857087248 0.99 1524025653.9802673
1 9.706232103903288 0.7977 1524025654.1883
2 9.518114122595858 0.99 1524025654.3415039
1 9.776010546416062 0.7973 1524025654.4899838
2 9.704813036517823 0.99 1524025654.6675537
1 9.775819811552434 0.7968666666666666 1524025654.7963645
2 8.976602585942677 0.99 1524025655.0459645
1 9.78079417679607 0.7964 1524025655.1067379
2 8.969339402335406 0.99 1524025655.319271
1 9.722093615163288 0.7962333333333333 1524025655.4232233
2 9.035417588493637 0.99 1524025655.6697161
1 9.675195726892342 0.7963 1524025655.7310708
2 9.357866319562998 0.99 1524025655.9494104
1 9.657419237601427 0.7965 1524025656.0416415
2 9.643190416774132 0.99 1524025656.2883494
1 9.630548510012304 0.7969 1524025656.348129
2 9.689249071645081 0.99 1524025656.5597565
1 9.733232531199665 0.7968333333333333 1524025656.6585026
2 9.65239909599051 0.99 1524025656.9127858
1 9.687204393906901 0.7971 1524025656.9717643
2 9.59001353679227 0.99 1524025657.2007768
1 9.700754198619645 0.7973666666666667 1524025657.2746441
2 9.978479418863508 0.99 1524025657.4892805
1 9.756593737297871 0.7974333333333333 1524025657.5805182
2 9.999803576618069 0.99 1524025657.7581632
1 9.76059916943423 0.7975333333333333 1524025657.8870137
2 10.640947376640424 0.99 1524025658.0424333
1 9.823419604121554 0.7973333333333333 1524025658.193953
2 10.813135182136925 0.99 1524025658.3119946
1 9.86422160615068 0.7969666666666667 1524025658.4910944
2 10.307199512249232 0.99 1524025658.6532998
1 9.820077929310642 0.7968666666666666 1524025658.8001876
2 10.058534655829023 0.99 1524025658.9496284
1 9.852884325856126 0.7966333333333333 1524025659.103532
2 10.151201281978196 0.99 1524025659.2234976
1 9.898492846448896 0.7961666666666667 1524025659.4049015
2 9.830591234994296 0.99 1524025659.535156
1 9.908540759065263 0.7956666666666666 1524025659.7044775
2 10.096941027970884 0.99 1524025659.8428273
1 9.975770983799867 0.7948333333333333 1524025660.0028603
2 9.849115404950673 0.99 1524025660.16824
1 9.965967211808955 0.7940333333333334 1524025660.3066568
2 9.500490221195845 0.99 1524025660.4853365
1 9.947000536968941 0.7933333333333333 1524025660.609542
2 9.553445848735878 0.99 1524025660.7887201
1 9.948869738632569 0.7926333333333333 1524025660.9093664
2 9.610216173548654 0.99 1524025661.093027
1 9.898286852796161 0.7922 1524025661.2168643
2 9.82438853722883 0.99 1524025661.3917928
1 9.90648082253799 0.7917333333333333 1524025661.5183935
2 9.956354174681666 0.99 1524025661.6906762
1 9.838213000145215 0.7916666666666666 1524025661.829656
2 10.230089221578263 0.99 1524025661.9602022
1 9.723436388603302 0.7923666666666667 1524025662.1418867
2 10.146989856189103 0.99 1524025662.2743618
1 9.722597155203296 0.7932666666666667 1524025662.450616
2 9.920518908501641 0.99 1524025662.6030061
1 9.738298449177847 0.7942666666666667 1524025662.7538579
2 9.817934069443377 0.99 1524025662.913243
1 9.802064928788816 0.7950333333333334 1524025663.0576887
2 9.388605150186658 0.99 1524025663.2388632
1 9.843202624177943 0.7956666666666666 1524025663.362266
2 9.709970507230562 0.99 1524025663.5091853
1 9.875124010956144 0.7961666666666667 1524025663.6649492
2 9.634759935801407 0.99 1524025663.8459942
1 9.821474108512474 0.7970666666666667 1524025663.9737306
2 9.916002306930732 0.99 1524025664.1263647
1 9.772890124046977 0.7984 1524025664.2839482
2 10.25341228070374 0.99 1524025664.4086235
1 9.850450548996124 0.7994 1524025664.5800707
2 9.755830797843316 0.99 1524025664.7388556
1 9.737688097614214 0.8012333333333334 1524025664.898683
2 10.298982654323778 0.99 1524025665.0105171
1 9.76587108106515 0.8031333333333334 1524025665.2018306
2 10.162988696550938 0.99 1524025665.3051465
1 9.791193041561533 0.8051 1524025665.508523
2 9.98948863519261 0.99 1524025665.6123862
1 9.798532519114271 0.8072 1524025665.8065612
2 10.495737110256659 0.99 1524025665.8840785
1 9.821306261832463 0.8093333333333333 1524025666.1198807
2 9.982439074632603 0.99 1524025666.2119806
1 9.806963000086997 0.8117 1524025666.4249017
2 10.172418628209128 0.99 1524025666.4835064
1 9.879922900125237 0.8137666666666666 1524025666.7229376
2 10.088472400025415 0.99 1524025666.8009794
1 9.829072985479753 0.8162666666666667 1524025667.027058
2 10.119699511899984 0.99 1524025667.070024
1 9.934610400227106 0.8182333333333334 1524025667.3280175
2 10.520349537060318 0.99 1524025667.353824
1 9.98527720940351 0.8199333333333333 1524025667.6259732
2 9.996744189405343 0.99 1524025667.6837888
1 9.983163867114413 0.8216333333333333 1524025667.9235823
2 10.031389270036279 0.99 1524025667.9953449
1 9.992227587834433 0.8233 1524025668.2267025
2 9.98680308831261 0.99 1524025668.2713227
1 9.969255480858044 0.8251 1524025668.5313125
2 10.082628283803599 0.99 1524025668.5526755
1 10.004495654263527 0.8267333333333333 1524025668.827218
2 10.036066088892648 0.99 1524025668.8800883
1 9.989313159118064 0.8284333333333334 1524025669.1250484
2 10.272630725563754 0.99 1524025669.1643767
1 10.100214038230886 0.8298666666666666 1524025669.415525
2 9.802988085528819 0.99 1524025669.4936311
1 10.15944865748184 0.8312 1524025669.7118237
2 9.29017833115566 0.99 1524025669.8357348
1 10.17066386746367 0.8324666666666667 1524025670.006876
2 9.467683824650356 0.99 1524025670.1492543
1 10.179628406054587 0.8337 1524025670.3055413
2 9.375360521255738 0.99 1524025670.443473
1 10.12333110370363 0.8350333333333333 1524025670.604687
2 9.298059495721121 0.99 1524025670.78427
1 10.147012744372734 0.8363 1524025670.8981678
2 9.716188463785112 0.99 1524025671.06951
1 10.162599597429107 0.8375 1524025671.1867309
2 9.996965441847165 0.99 1524025671.3484313
1 10.102304492336335 0.8388 1524025671.4935606
2 9.650766405557787 0.99 1524025671.694385
1 10.09527781995997 0.8401 1524025671.7914329
2 9.801569018143356 0.99 1524025672.008438
1 10.082651171987223 0.8414333333333334 1524025672.0847425
2 9.522134813521316 0.99 1524025672.3297281
1 9.99796489253262 0.8429333333333333 1524025672.388694
2 9.295717271595668 0.99 1524025672.6382809
1 10.072420153901769 0.8442666666666667 1524025672.6841145
2 9.777711901399698 0.99 1524025672.9154193
1 10.13600352804363 0.8454666666666667 1524025672.9734986
2 9.867769274614325 0.99 1524025673.233757
1 10.112421069503613 0.8467 1524025673.2740219
1 10.219820056520065 0.8477333333333333 1524025673.5613475
2 9.573534044574087 0.99 1524025673.5835865
1 10.271036182103742 0.8486 1524025673.8527367
2 9.63321879810322 0.99 1524025673.8848088
1 10.19935802034915 0.8495666666666667 1524025674.1494682
1 6 frame freq 1524025674.1510684
2 9.346895250206623 0.99 1524025674.198207
2 9.641618761497769 0.99 1524025674.4705286
1 12.936998406307778 0.8495666666666667 1524025674.4922242
2 10.368120227694737 0.99 1524025674.7425418
1 17.44685754449453 0.8357666666666667 1524025674.8384638
2 10.014497790512625 0.99 1524025675.082252
1 17.339283081403526 0.8027333333333333 1524025675.1813748
2 9.746759447728765 0.99 1524025675.4294229
1 17.218601318483426 0.7478666666666667 1524025675.5340068
2 9.694582018432365 0.99 1524025675.70712
2 6 frame freq 1524025675.7085607
1 16.720188231617573 0.6722333333333333 1524025675.899882
2 11.09051707962625 0.99 1524025676.1666787
1 15.799699827655596 0.5808666666666666 1524025676.295445
2 14.719408077596514 0.987 1524025676.5219254
1 14.125307124341486 0.4882666666666667 1524025676.7477245
2 17.33015832552717 0.9673666666666667 1524025676.8573399
2 18.504215334549947 0.9162 1524025677.1703868
1 12.052377738156132 0.40963333333333335 1524025677.2894144
2 16.186832517733485 0.8546 1524025677.6012466
1 10.248399768487372 0.3504333333333333 1524025677.9191144
2 14.990266842749472 0.7865333333333333 1524025677.972377
2 15.203729672736912 0.6955 1524025678.3874626
1 8.675363571709696 0.36356666666666665 1524025678.6711917
2 13.801645319539391 0.601 1524025678.8417447
2 13.140611687937028 0.4986333333333333 1524025679.301855
1 8.13604167129107 0.42716666666666664 1524025679.3948948
2 11.725915945555862 0.4029333333333333 1524025679.866321
1 8.855722458764392 0.4698333333333333 1524025680.0256617
2 9.831560168101568 0.3339 1524025680.5227056
1 9.879495654030691 0.4660666666666667 1524025680.6098204
1 10.50497630705122 0.4484666666666667 1524025681.1684237
2 8.576868088127805 0.3396 1524025681.2645512
1 10.414445911374777 0.43183333333333335 1524025681.7599993
2 8.097528487625583 0.40086666666666665 1524025682.0042946
1 10.133264575401821 0.4194 1524025682.355279
2 8.370531112645818 0.4706666666666667 1524025682.6985009
1 9.939935717619841 0.41196666666666665 1524025682.9775133
2 9.572107347794084 0.4836666666666667 1524025683.25828
1 9.622705492419582 0.42063333333333336 1524025683.6097834
2 10.786233936969628 0.4612 1524025683.811092
1 9.551218065528603 0.43416666666666665 1524025684.2231421
2 10.772867237725983 0.4381333333333333 1524025684.3748443
1 9.654146227341425 0.444 1524025684.8453271
2 10.257356677683742 0.42346666666666666 1524025684.982902
1 10.025407824712639 0.4373 1524025685.4241965
2 9.57760051186681 0.43603333333333333 1524025685.6243267
1 10.19599345735459 0.4278 1524025686.0199695
2 9.393587144824835 0.46016666666666667 1524025686.25795
1 10.03075603028901 0.42083333333333334 1524025686.6185448
2 10.24572185100191 0.44913333333333333 1524025686.7969606
1 10.007425341768986 0.41423333333333334 1524025687.219067
2 10.96138194754978 0.4250333333333333 1524025687.3563206
1 9.70583537538692 0.42233333333333334 1524025687.8529835
2 10.754945789938699 0.4037 1524025687.9111128
1 9.520708116741309 0.4405 1524025688.4806209
2 9.960199389532582 0.39736666666666665 1524025688.559722
1 9.790819201228807 0.44656666666666667 1524025689.0788062
2 9.394067796681203 0.42206666666666665 1524025689.188132
1 10.17975810576185 0.4399 1524025689.6681511
2 10.03302958986355 0.4151 1524025689.775617
1 10.288270984381942 0.4313 1524025690.2452455
2 10.430849109647522 0.4009666666666667 1524025690.3685088
1 10.04537395023811 0.42646666666666666 1524025690.8523197
2 9.74260905709604 0.4081666666666667 1524025690.984795
1 9.926828417790734 0.42593333333333333 1524025691.4553237
2 9.490831407701288 0.4298666666666667 1524025691.6193674
1 9.812959704199727 0.43123333333333336 1524025692.0754166
2 9.324106248699323 0.46226666666666666 1524025692.2720854
1 9.710321459379644 0.4421 1524025692.699853
2 9.523386034226762 0.4855 1524025692.8662295
1 9.776933703156066 0.4504 1524025693.303407
2 10.55588725685307 0.47373333333333334 1524025693.4091759
1 10.06341746833812 0.4472 1524025693.882036
2 11.163476979664486 0.45053333333333334 1524025693.938219
1 10.421442066172958 0.43806666666666666 1524025694.4561732
2 10.665742908913161 0.4355 1524025694.541076
1 10.27847484178558 0.43093333333333333 1524025695.0493093
2 10.54297832128215 0.42223333333333335 1524025695.0758696
1 10.036371264674463 0.42756666666666665 1524025695.6514482
2 10.381937061216574 0.41146666666666665 1524025695.689594
1 9.732576403268762 0.43803333333333333 1524025696.2828667
2 9.511873277857662 0.4343666666666667 1524025696.3365836
1 9.72490886175057 0.44953333333333334 1524025696.8839717
2 9.650087389443232 0.4508 1524025696.932171
1 10.021600756834445 0.4477333333333333 1524025697.4822373
2 9.944574389503474 0.4518333333333333 1524025697.5628202
1 9.978639636148968 0.44733333333333336 1524025698.096059
2 10.053903613339935 0.44893333333333335 1524025698.1252246
1 10.046175036665382 0.44516666666666665 1524025698.6763616
2 10.550485645514883 0.4369 1524025698.697383
1 10.266222034145562 0.43933333333333335 1524025699.26605
2 10.407449756576591 0.4271 1524025699.3099396
1 10.186113391418218 0.4346 1524025699.8523622
2 9.809068712981555 0.43496666666666667 1524025699.9044464
1 10.091959033332698 0.4313 1524025700.4470935
2 9.859918627627051 0.4404666666666667 1524025700.4990752
1 10.00605968014535 0.42933333333333334 1524025701.0519767
2 10.30642131400559 0.43293333333333334 1524025701.0724661
2 10.309824023972874 0.4251333333333333 1524025701.6612964
1 9.793939623597899 0.43766666666666665 1524025701.6815088
1 9.991647753848966 0.4367333333333333 1524025702.2557023
2 10.102418933254514 0.4209 1524025702.2757182
2 10.068117175378125 0.41723333333333334 1524025702.8528333
1 10.143938098370922 0.433 1524025702.8731637
2 10.22368053016007 0.4106666666666667 1524025703.433067
1 9.970048937890775 0.4330333333333333 1524025703.469502
2 10.26832011764557 0.4031 1524025704.0211608
1 9.948396716170748 0.4342 1524025704.058317
1 10.013460192854442 0.4327 1524025704.6564515
2 9.029054673442728 0.4553333333333333 1524025704.7631748
1 9.882562670637975 0.4372333333333333 1524025705.273895
2 9.370561632086643 0.4907666666666667 1524025705.3004265
2 10.920755421595192 0.4744 1524025705.85991
1 9.969125781150774 0.4377666666666667 1524025705.880025
2 11.006662404177083 0.4558 1524025706.391566
1 10.195039783036412 0.4336333333333333 1524025706.4523518
2 11.430940664244702 0.42843333333333333 1524025706.910058
1 10.069726977627223 0.43143333333333334 1524025707.0501823
2 10.340425525494718 0.4207666666666667 1524025707.5528805
1 9.970621142481686 0.4317666666666667 1524025707.655205
2 9.656251940235974 0.43903333333333333 1524025708.1539807
1 9.932382617019826 0.43406666666666666 1524025708.2591472
2 10.042810473670833 0.43756666666666666 1524025708.7456663
1 9.772233996116057 0.4444666666666667 1524025708.8811069
2 10.51102641692576 0.4271333333333333 1524025709.2986076
1 9.83640483363793 0.4522333333333333 1524025709.4817379
2 10.532205616183964 0.4159333333333333 1524025709.8871431
1 10.230592761618258 0.4485 1524025710.0551288
2 10.34994700988745 0.4078333333333333 1524025710.4515922
1 10.433450733187524 0.4412333333333333 1524025710.6394947
2 9.665948900703247 0.42543333333333333 1524025711.1292374
1 10.246416125905542 0.4367333333333333 1524025711.2277293
2 9.46852305805036 0.4552 1524025711.7215483
1 9.837068590963396 0.44416666666666665 1524025711.8482385
2 10.466928516453008 0.4466 1524025712.2743874
1 9.99254039301079 0.4443 1524025712.4281714
2 10.767976795822344 0.4319 1524025712.8373985
1 10.429201160425693 0.437 1524025713.0080945
2 10.409601245838411 0.4235 1524025713.426828
1 10.15896800562547 0.43383333333333335 1524025713.6085956
2 10.208055530130968 0.4187 1524025714.012373
1 9.996980700636243 0.4333 1524025714.2085063
2 10.117349658379991 0.41546666666666665 1524025714.6163545
1 9.939706835783479 0.4356333333333333 1524025714.8148246
2 10.454927478832996 0.4057 1524025715.1582305
1 9.83720592006521 0.44316666666666665 1524025715.4200428
2 9.668497118481431 0.4236 1524025715.8559787
1 9.982545886156236 0.4439 1524025716.016984
2 9.234270127926528 0.46776666666666666 1524025716.455908
1 10.201204333829152 0.4405 1524025716.6059566
2 10.289911304209223 0.46336666666666665 1524025717.0204716
1 10.207056079445518 0.43683333333333335 1524025717.1951125
2 10.54028514500761 0.4539 1524025717.5963416
1 9.904024157494351 0.4412 1524025717.8079932
2 10.456956897782083 0.4456333333333333 1524025718.1673682
1 10.220537219607348 0.4374 1524025718.367741
2 10.670633350816804 0.4329 1524025718.7231514
1 10.334550891694715 0.4315333333333333 1524025718.9775445
2 10.263513599081923 0.4276 1524025719.3357549
1 9.835824999652484 0.43906666666666666 1524025719.5863492
2 9.949358019883487 0.4302 1524025719.9370847
1 9.855989489436134 0.446 1524025720.1880124
2 9.888940844477974 0.43646666666666667 1524025720.551114
1 10.2685108525092 0.4417 1524025720.7555993
2 9.814661059183367 0.44733333333333336 1524025721.1480107
1 10.197031055012781 0.4383666666666667 1524025721.3641663
2 10.238428149816443 0.4431333333333333 1524025721.7240689
1 9.936494860679835 0.4413 1524025721.9749248
2 11.178758656939042 0.4205 1524025722.2233665
1 9.999940905719894 0.4412333333333333 1524025722.5620906
2 10.704126392871382 0.4062 1524025722.844435
1 10.038141284209008 0.44053333333333333 1524025723.1600952
2 9.552164110452242 0.43156666666666665 1524025723.479864
1 10.196954761067326 0.43716666666666665 1524025723.746999
2 9.870134386923416 0.4392333333333333 1524025724.0580842
1 10.189821277167319 0.4337666666666667 1524025724.335578
2 10.750947987196879 0.42486666666666667 1524025724.5966291
1 10.029184375012642 0.4328666666666667 1524025724.9375844
2 10.200166736170956 0.42073333333333335 1524025725.234713
1 9.89738658423981 0.43753333333333333 1524025725.5491283
2 9.957078967163495 0.4229 1524025725.798547
1 9.991266284121696 0.4378 1524025726.1379719
2 10.260240588821919 0.4175333333333333 1524025726.4066374
1 10.093629870738143 0.4361 1524025726.7458177
2 9.677148851895987 0.43616666666666665 1524025727.0385113
1 9.806970629481546 0.44543333333333335 1524025727.3603618
2 9.623239550037763 0.45876666666666666 1524025727.6532073
1 9.818979296496096 0.45463333333333333 1524025727.9615722
1 4 frame freq 1524025727.9632003
2 10.132883105674543 0.45736666666666664 1524025728.2238245
1 7.291699423066715 0.45463333333333333 1524025728.475531
2 10.047678027390837 0.45753333333333335 1524025728.8463657
2 4 frame freq 1524025728.8479004
1 7.5219507357514495 0.4768 1524025729.0096903
2 7.849995627719899 0.45753333333333335 1524025729.3060899
1 7.680081381797946 0.5274 1524025729.5235634
2 7.776066794574386 0.4728 1524025729.8354788
1 7.873803153399015 0.6039333333333333 1524025729.9999585
2 8.346200973440345 0.49493333333333334 1524025730.2835317
1 8.668413193278784 0.6735666666666666 1524025730.394249
1 9.719919237717832 0.7152 1524025730.7606003
2 7.895855918332666 0.5462666666666667 1524025730.826993
1 10.76007274307324 0.7406333333333334 1524025731.1178722
2 8.183931380852927 0.6160333333333333 1524025731.299938
1 11.321321523415527 0.7587666666666667 1524025731.4543495
2 8.099573165363767 0.7186333333333333 1524025731.7649424
1 11.66118053283763 0.7711666666666667 1524025731.7867312
1 11.807252920805023 0.7794333333333333 1524025732.1334205
2 9.03427317931182 0.8065 1524025732.1556432
1 11.927484549446934 0.7839 1524025732.4632075
2 9.89560893531071 0.8696333333333334 1524025732.5159123
1 11.946809805830584 0.7856666666666666 1524025732.7892568
2 11.064302479968044 0.9169 1524025732.8499253
1 12.155649222723493 0.7827333333333333 1524025733.1205623
2 11.539644277728437 0.9558666666666666 1524025733.191486
1 12.17597392979259 0.7771333333333333 1524025733.4452415
2 11.05974010202986 0.99 1524025733.5995383
1 12.114038504872546 0.7699 1524025733.7813988
2 10.82309154201875 0.99 1524025733.9594767
1 12.056421317265219 0.7612333333333333 1524025734.1163485
2 11.376092946857396 0.99 1524025734.248983
1 11.986986197506983 0.7515 1524025734.446276
2 12.327760734274541 0.99 1524025734.5711982
1 12.032297171712484 0.7396 1524025734.7774782
2 13.382173578035411 0.99 1524025734.85483
1 11.894037283759635 0.7276333333333334 1524025735.1242554
2 12.3707676313273 0.99 1524025735.2180903
1 11.737283743428602 0.716 1524025735.4711485
2 12.919557610376847 0.9870666666666666 1524025735.5037453
1 11.536455190808429 0.7054333333333334 1524025735.8201835
2 11.885507620657814 0.99 1524025735.8669343
1 11.369295156317389 0.6957 1524025736.1794684
2 12.337930717203635 0.9867666666666667 1524025736.2006245
1 11.203981435306341 0.6869333333333333 1524025736.5408235
2 11.432916677431978 0.99 1524025736.5613656
2 12.262712516379942 0.9832666666666666 1524025736.843131
1 11.012620961317094 0.6795333333333333 1524025736.9081757
2 12.389169730970949 0.9724333333333334 1524025737.1591053
1 11.031290089769836 0.6713 1524025737.2679172
2 12.27765087089995 0.9601 1524025737.530595
1 11.000665700064351 0.6627666666666666 1524025737.6327417
2 12.267519034943582 0.9458 1524025737.821546
1 10.906747853209728 0.6546666666666666 1524025738.0081394
2 12.450258293096457 0.9272666666666667 1524025738.1217065
1 10.791612660124184 0.6473333333333333 1524025738.3777523
2 12.883569756305914 0.9008666666666667 1524025738.4584012
1 10.641168629082234 0.6412 1524025738.7595563
2 12.373476066390948 0.8783666666666666 1524025738.7935345
1 10.694673573029553 0.6340666666666667 1524025739.1322176
2 11.513574636566588 0.8648333333333333 1524025739.1662035
1 10.701074635053198 0.6264333333333333 1524025739.5007122
2 11.359857595264643 0.8521 1524025739.5206938
2 11.367113149477383 0.8383666666666667 1524025739.8471682
1 10.552133594736706 0.6200333333333333 1524025739.8962874
2 11.180887258017231 0.8259333333333333 1524025740.238596
1 10.3406238897529 0.6157 1524025740.2926064
2 11.240221059397284 0.8119 1524025740.5845487
1 10.149477038810923 0.6133 1524025740.6843274
2 10.723588978356853 0.8035666666666667 1524025740.9659655
1 10.172250781529119 0.6105333333333334 1524025741.0807183
2 11.122339284275364 0.7896333333333333 1524025741.3156533
1 10.091363940558148 0.6085666666666667 1524025741.4793196
2 10.910799061713371 0.7776 1524025741.6821969
1 10.001695666465345 0.6075666666666667 1524025741.8819928
2 11.04676250190802 0.7631666666666667 1524025742.0543904
1 9.968072924703499 0.6076666666666667 1524025742.2822711
2 10.714189564276836 0.7522 1524025742.438373
1 9.978273425210775 0.6075 1524025742.6823142
2 10.571451221725809 0.7425333333333334 1524025742.8169718
1 10.039438281281745 0.6061666666666666 1524025743.0769832
2 10.20842174106915 0.7371 1524025743.2279575
1 10.055208239807202 0.6046333333333334 1524025743.4732006
2 10.151811633541836 0.7322333333333333 1524025743.621015
1 10.168077502712755 0.6018 1524025743.8630815
2 10.151773486569104 0.7272666666666666 1524025744.0002341
1 10.044389758341737 0.6002666666666666 1524025744.2726023
2 10.268297229461925 0.7206666666666667 1524025744.3959942
1 9.989931140076244 0.5995333333333334 1524025744.6727614
2 10.242845569258275 0.7142 1524025744.790092
1 9.817697558212465 0.6046666666666667 1524025745.0866299
2 10.116518054374533 0.7091666666666666 1524025745.1905816
1 9.925836596499831 0.6065 1524025745.4817674
2 10.171068225374574 0.7033333333333334 1524025745.5755608
1 9.984476122976242 0.6064666666666667 1524025745.879672
2 10.163476977801839 0.6974666666666667 1524025745.9697523
1 10.020128283687173 0.6057333333333333 1524025746.2826989
2 10.27475932664194 0.6900666666666667 1524025746.3540084
1 10.028139147959905 0.6049 1524025746.6805696
2 9.964494738661678 0.6873666666666667 1524025746.7828188
1 10.019693408198082 0.6041333333333333 1524025747.0747504
2 10.055360827698118 0.6826666666666666 1524025747.1630936
1 10.116472278007258 0.6022666666666666 1524025747.468305
2 9.84530833707249 0.6846333333333333 1524025747.5720072
1 10.069452319423581 0.6008333333333333 1524025747.872111
2 10.083314929312687 0.6799 1524025747.9712694
1 10.012910876447169 0.6 1524025748.2729752
2 9.984018359303516 0.6768 1524025748.3679047
1 10.02241710205082 0.5990666666666666 1524025748.664914
2 9.93902019027439 0.6754666666666667 1524025748.7792675
1 9.915353808394366 0.6012333333333333 1524025749.079706
2 9.94375804428712 0.6741 1524025749.1767263
1 9.970850024318043 0.6017 1524025749.4814107
2 9.932817492508923 0.6733 1524025749.5743616
1 9.862108263861586 0.6059 1524025749.8839405
2 9.808382067472456 0.6775 1524025750.0053263
1 9.983301196216244 0.6062666666666666 1524025750.2810578
2 9.652025255657783 0.6882666666666667 1524025750.420647
1 10.000398669392618 0.6061 1524025750.6748326
2 9.59794047772501 0.7019666666666666 1524025750.8237107
1 10.147653613514551 0.6042666666666666 1524025751.0657501
2 9.785951647508801 0.7093333333333334 1524025751.2309322
1 10.105768237459973 0.6028 1524025751.471145
2 9.880563769267056 0.7135 1524025751.6372056
1 10.086328540158148 0.6015 1524025751.8646119
2 9.665224108221436 0.7264 1524025752.065459
1 9.88054088108342 0.6051666666666666 1524025752.2797835
2 9.832292589977936 0.7335666666666667 1524025752.4499128
1 9.929422411936189 0.6074 1524025752.6784554
2 10.193620715650953 0.7321 1524025752.8128586
1 9.852617297047036 0.6124 1524025753.0852127
2 10.765405689860515 0.7231 1524025753.180114
1 9.953508410516212 0.6142666666666666 1524025753.4848468
2 10.549844776373073 0.7163 1524025753.5862284
1 10.031435046403553 0.6142666666666666 1524025753.8737066
2 9.989145312438065 0.7166333333333333 1524025754.013201
1 10.091310534796328 0.6135666666666667 1524025754.2738376
2 9.986391101007145 0.7171 1524025754.3823652
1 10.032541308612638 0.6134666666666667 1524025754.6841886
2 10.003603015101714 0.7170333333333333 1524025754.7871351
1 9.914941821088908 0.6166333333333334 1524025755.0830243
2 9.97480205069259 0.718 1524025755.2160544
1 9.858385119323405 0.6218666666666667 1524025755.4904144
2 9.741991076137863 0.7280666666666666 1524025755.6135676
1 9.924501452454372 0.6251333333333333 1524025755.8913846
2 9.767564806654239 0.7377666666666667 1524025756.0190825
1 10.021936450194458 0.6257333333333334 1524025756.283015
2 10.130395923052722 0.7372333333333333 1524025756.400676
1 10.162324939225481 0.6247333333333334 1524025756.669365
2 10.305040393592872 0.7343666666666666 1524025756.7775552
1 10.267862353972836 0.6224333333333333 1524025757.058299
2 10.232637439356438 0.7322 1524025757.1885607
1 10.294733081561956 0.6196666666666667 1524025757.4480283
2 9.96843150624713 0.7341 1524025757.6072788
1 10.337083850683806 0.6162333333333333 1524025757.8319886
2 9.772264513694248 0.7437333333333334 1524025758.00585
1 10.347444568476543 0.6124666666666667 1524025758.2188184
2 10.032564196796278 0.7446 1524025758.3834124
1 10.201555285978237 0.6101333333333333 1524025758.6231048
2 10.163362536883653 0.7437333333333334 1524025758.7867193
1 9.983308825610779 0.6105333333333334 1524025759.0344584
2 10.291498218274677 0.7410666666666667 1524025759.1750958
1 9.8694095944416 0.6148333333333333 1524025759.438948
2 9.819543871692467 0.7490666666666667 1524025759.6058946
1 9.832056078747023 0.6206666666666667 1524025759.8439517
2 9.965257678116222 0.7517666666666667 1524025759.9892452
1 10.038362536650833 0.6206666666666667 1524025760.230317
2 9.891626391357976 0.7574333333333333 1524025760.3866205
1 9.999193225054432 0.6211 1524025760.6366282
2 10.374742542160204 0.7542666666666666 1524025760.7646646
1 10.01579478758535 0.6213333333333333 1524025761.0438778
2 10.20899394566006 0.7529666666666667 1524025761.164274
1 9.944284472510756 0.6236333333333334 1524025761.434969
2 10.108118090979977 0.7528 1524025761.5718927
1 10.096109423965416 0.6230666666666667 1524025761.824453
2 10.031518969743544 0.7535666666666667 1524025761.9604294
1 10.220537219607344 0.6210333333333333 1524025762.2190151
2 10.095636401503608 0.7534666666666666 1524025762.356329
1 10.189096484685493 0.6192 1524025762.611867
2 10.366632495758369 0.7497666666666667 1524025762.7294796
1 10.06145671393994 0.6187 1524025763.016495
2 10.504381214276668 0.7440333333333333 1524025763.1008759
1 9.985338244559875 0.6193666666666666 1524025763.4181004
2 10.610712086056761 0.7365333333333334 1524025763.4859478
1 9.995401415965334 0.6197 1524025763.8149846
2 10.294611011249229 0.7326666666666667 1524025763.8978744
1 9.98575786125987 0.6203666666666666 1524025764.2179894
2 10.291749988294676 0.7286333333333334 1524025764.2676136
1 10.013574633772633 0.6204333333333333 1524025764.6158705
2 10.231493030174626 0.7251666666666666 1524025764.6573331
1 9.995637927196254 0.6208 1524025765.0149808
2 10.396532092982032 0.7193666666666667 1524025765.0511627
1 9.972780261138045 0.6219333333333333 1524025765.4235318
2 10.153039966063657 0.7164333333333334 1524025765.4537194
1 9.99279979242534 0.6224666666666666 1524025765.816824
2 10.087640796019963 0.7142333333333334 1524025765.847167
1 10.013711962874451 0.6226 1524025766.2115908
2 9.981561694259877 0.7138333333333333 1524025766.2524397
1 9.970598254298043 0.6239 1524025766.6266167
2 10.031305346696273 0.7123333333333334 1524025766.6487305
1 9.94325450424712 0.6261666666666666 1524025767.0252726
2 10.052125964410841 0.7105333333333334 1524025767.0489192
1 10.082010302845408 0.6257 1524025767.4029171
2 10.009798083472623 0.7092666666666667 1524025767.4508624
1 10.298097644556497 0.6227333333333334 1524025767.790224
2 10.118341479670896 0.7065666666666667 1524025767.8312764
1 10.275354419416475 0.6198333333333333 1524025768.1927578
2 10.203615222505517 0.7026666666666667 1524025768.2183847
1 10.148576770254556 0.6182 1524025768.585817
2 10.418748889898417 0.6958333333333333 1524025768.6083274
1 10.081254992785407 0.6172333333333333 1524025768.9795866
2 10.387743030465666 0.6890666666666667 1524025768.9995792
1 10.115709338552712 0.6158 1524025769.3786721
2 10.33326152401653 0.6827 1524025769.3981922
2 10.549631153325794 0.6733333333333333 1524025769.7407737
1 10.102090869289068 0.6144666666666667 1524025769.7747118
2 10.361833606589272 0.6659666666666667 1524025770.1467278
1 10.101221118310882 0.6130666666666666 1524025770.1715748
2 10.20324901156733 0.6604 1524025770.554479
1 10.150064502190922 0.6110666666666666 1524025770.5748813
1 10.042383227576286 0.6101666666666666 1524025770.9692414
2 9.52003673002131 0.6762666666666667 1524025771.0006976
1 10.01807597655445 0.6095333333333334 1524025771.3668542
2 9.514993700226762 0.6935333333333333 1524025771.4076471
1 9.977350268470785 0.6098666666666667 1524025771.7641094
2 9.349748643766617 0.7187333333333333 1524025771.8393402
1 9.982515368578058 0.6100666666666666 1524025772.1694026
2 9.784723314986978 0.7282333333333333 1524025772.227227
1 9.938112292323472 0.6118 1524025772.5735965
2 9.824182543576107 0.7366666666666667 1524025772.6292121
1 9.881288561748875 0.6156 1524025772.978475
2 10.194437060867317 0.7359666666666667 1524025773.0159023
1 9.972665820219872 0.6165 1524025773.3753006
2 10.345659290152899 0.7331 1524025773.4104254
1 10.002100024376258 0.6165 1524025773.772935
2 10.26157573286738 0.7311 1524025773.7966383
1 9.939966235198018 0.6185666666666667 1524025774.1837919
2 9.94466594223803 0.7345333333333334 1524025774.2209535
1 9.908937487581634 0.6218 1524025774.585872
2 9.914323840130727 0.7393 1524025774.6083782
2 10.133874926965447 0.7391 1524025774.9822788
1 9.848451647625215 0.6273 1524025775.0044801
2 10.52179912202396 0.7337 1524025775.3624516
1 10.023752246096267 0.6276666666666667 1524025775.3825061
2 10.390604053420212 0.7296333333333334 1524025775.7519977
1 10.109712634439985 0.6270333333333333 1524025775.7722096
2 10.34243968565471 0.7259 1524025776.1424634
1 10.14881328148546 0.6259 1524025776.1761155
2 10.376443897143831 0.7214666666666667 1524025776.519946
1 10.135767016812729 0.6248333333333334 1524025776.567463
2 10.542329822745792 0.7145666666666667 1524025776.8892202
1 10.104295764312699 0.6240333333333333 1524025776.958385
2 10.753641163471421 0.7045 1524025777.2566495
1 10.129884753618175 0.6228666666666667 1524025777.3597336
2 10.340189014263812 0.6993 1524025777.6800752
1 10.114175830249069 0.6218 1524025777.752941
2 10.240694079996457 0.6951666666666667 1524025778.06234
1 10.103967700347242 0.6207666666666667 1524025778.147873
2 9.916605029099824 0.6973666666666667 1524025778.468965
1 10.184907947080047 0.6187666666666667 1524025778.5364113
2 9.90770152566526 0.7001 1524025778.8899853
1 10.176385913372755 0.6167333333333334 1524025778.9314697
2 9.838167223777933 0.7058333333333333 1524025779.2835085
1 10.188875232243683 0.6144333333333334 1524025779.3286755
2 10.069414172450848 0.7045666666666667 1524025779.659282
1 10.049600634816292 0.6136 1524025779.7332544
2 10.077112231547218 0.7031666666666667 1524025780.0821707
1 9.975687060459867 0.6141333333333333 1524025780.1327395
2 10.039041552765381 0.7022 1524025780.4772906
1 9.842096361968855 0.6192666666666666 1524025780.5444627
2 9.94688609605075 0.7038333333333333 1524025780.8667266
1 9.995576892039889 0.6194666666666667 1524025780.933698
2 10.235467944732807 0.7003666666666667 1524025781.2563348
1 10.036661181667192 0.6191333333333333 1524025781.3300385
2 10.131799731649084 0.6980666666666666 1524025781.6691575
