2 0 1524254337.181493
2 4 frame freq 1524254337.1886024
2 13.906473200594021 0.5 1524254338.0606592
2 12.595819511629307 0.5 1524254338.4478095
2 10.737665211293232 0.5 1524254338.8849072
1 0 1524254338.9268284
1 4 frame freq 1524254338.9282923
2 9.64339641042687 0.5 1524254339.3068535
2 9.538652452712231 0.5 1524254339.7047727
1 15.093767209153198 0.5 1524254339.7437747
2 9.793184313537894 0.5 1524254340.1011515
1 12.577264824094753 0.5 1524254340.1676629
2 10.188943896794592 0.5 1524254340.4823842
1 10.508195911549397 0.5 1524254340.6293664
2 10.380456958674747 0.5 1524254340.8596303
1 9.057214768710015 0.5 1524254341.0664861
2 10.18915751984186 0.5 1524254341.2798285
1 8.771730454213422 0.5 1524254341.5363941
2 10.032579455585369 0.5 1524254341.678348
1 8.885683091144418 0.5 1524254341.9683645
2 9.983133349536232 0.5 1524254342.0645323
1 8.862154038366219 0.5 1524254342.4213161
2 10.243516955978265 0.5 1524254342.4522994
2 10.222574267950986 0.5 1524254342.8544214
1 9.005632432188161 0.5 1524254342.875629
2 9.797739062081543 0.5 1524254343.2876823
1 8.864496262491683 0.5 1524254343.330255
2 9.763254198736057 0.5 1524254343.677284
1 8.871332200004412 0.5 1524254343.7727242
2 9.488527330548555 0.5 1524254344.1186645
1 8.887361557944425 0.5 1524254344.231394
2 9.730196032170578 0.5 1524254344.5178607
1 8.800203354657084 0.5 1524254344.6865647
2 9.546976122161325 0.5 1524254344.9352293
1 8.75836375496977 0.5 1524254345.1421843
2 9.754137072254226 0.5 1524254345.3488188
1 8.646768600953312 0.5 1524254345.6135762
2 9.768106493666973 0.5 1524254345.7464957
1 8.715196640631557 0.5 1524254346.0629053
2 9.92119792461619 0.5 1524254346.1447592
1 8.834604294662556 0.5 1524254346.5000844
2 9.84553721890885 0.5 1524254346.5673933
2 10.044145617716286 0.5 1524254346.943106
1 8.966028245102674 0.5 1524254346.9657347
2 10.091379199347232 0.5 1524254347.3348022
1 9.03140452696272 0.5 1524254347.393107
2 9.843523058748849 0.5 1524254347.7860236
1 8.86796000761531 0.5 1524254347.8538404
2 9.767869982436062 0.5 1524254348.1720064
1 8.855089219017122 0.5 1524254348.299693
2 9.67852977230872 0.5 1524254348.5753686
1 8.868753464648039 0.5 1524254348.7452326
2 10.23842052042191 0.5 1524254348.9591277
1 8.946085007760837 0.5 1524254349.2141964
2 10.00280192867443 0.5 1524254349.3905158
1 8.74312022466794 0.5 1524254349.6743612
2 9.810739550386998 0.5 1524254349.7994401
1 8.681711227971526 0.5 1524254350.1275814
2 9.72529796087239 0.5 1524254350.1908545
1 8.69850352536608 0.5 1524254350.5743382
2 9.885438952381605 0.5 1524254350.594399
2 10.0010166503508 0.5 1524254350.9981496
1 8.849565537366209 0.5 1524254351.045806
2 10.161752734634565 0.5 1524254351.3729975
1 8.841012986080742 0.5 1524254351.4834902
2 10.107942614905436 0.5 1524254351.7722363
1 8.844293625735295 0.5 1524254351.9401364
2 10.34218791563472 0.5 1524254352.1597786
1 8.901483567248071 0.5 1524254352.396035
2 9.862237963568866 0.5 1524254352.5938978
1 8.73855784672975 0.5 1524254352.8692482
2 10.14679149193092 0.5 1524254352.9529
1 8.691919357873356 0.5 1524254353.3253124
2 10.139703784398192 0.5 1524254353.3451734
2 10.563913379914895 0.5 1524254353.7311287
1 8.475801498584083 0.5 1524254353.8016894
2 10.33126262264562 0.5 1524254354.1160219
1 8.583215744389628 0.5 1524254354.2558458
2 10.065950427327218 0.5 1524254354.5315716
1 8.562379867885967 0.5 1524254354.713554
2 9.91423991679072 0.5 1524254354.9356878
1 8.750436814037043 0.5 1524254355.1644027
2 9.947397265485298 0.5 1524254355.321927
1 8.847375901131668 0.5 1524254355.6118345
2 9.94223216537802 0.5 1524254355.7383049
1 8.895845444678978 0.5 1524254356.0621994
2 9.683191332375985 0.5 1524254356.1745994
1 8.827058823457094 0.5 1524254356.523296
2 9.293840440537487 0.5 1524254356.6128225
1 8.68829539546426 0.5 1524254356.993872
2 9.406618150708482 0.5 1524254357.0163093
2 9.584733995766813 0.5 1524254357.4263093
1 8.663164169831505 0.5 1524254357.4474974
2 9.828065905399743 0.5 1524254357.8348832
1 8.754587204669773 0.5 1524254357.8969564
2 9.696619066775996 0.5 1524254358.2523975
1 8.800004990398893 0.5 1524254358.360969
2 9.851205859056122 0.5 1524254358.645573
1 8.816026718944359 0.5 1524254358.813374
2 9.64054301686687 0.5 1524254359.0785491
1 8.728349716827921 0.5 1524254359.2698705
2 9.477785143028546 0.5 1524254359.5218308
1 8.923418076566271 0.5 1524254359.7013524
2 9.315057786768419 0.5 1524254359.9322453
1 8.990152390655421 0.5 1524254360.1432703
2 9.627695116452303 0.5 1524254360.3248703
1 9.009309800359071 0.5 1524254360.6018155
2 9.86721995820705 0.5 1524254360.735237
1 8.905527146357167 0.5 1524254361.0486927
2 10.144945178450916 0.5 1524254361.1162107
1 8.892969162935337 0.5 1524254361.4927459
2 9.950479540881664 0.5 1524254361.5313337
2 10.26107219282737 0.5 1524254361.907645
1 8.91935923866808 0.5 1524254361.946681
2 10.209474597516428 0.5 1524254362.2907283
1 8.896013291358972 0.5 1524254362.3983178
2 10.28266337939103 0.5 1524254362.6983035
1 8.83947184838257 0.5 1524254362.8496058
2 9.984842333914422 0.5 1524254363.1079
1 8.870470078420778 0.5 1524254363.299364
2 9.493562730948558 0.5 1524254363.5573049
1 8.89827922153897 0.5 1524254363.764873
2 9.31117442494477 0.5 1524254363.985388
1 8.894372971531702 0.5 1524254364.1990254
2 9.320047410801143 0.5 1524254364.3928695
1 8.910409958866262 0.5 1524254364.646042
2 9.708375963770553 0.5 1524254364.792566
1 8.847238572029845 0.5 1524254365.1023388
2 9.755441698721507 0.5 1524254365.2172163
1 8.945985825631746 0.5 1524254365.5409198
2 9.863924059763418 0.5 1524254365.6092267
1 8.90245250035534 0.5 1524254365.9932165
2 9.737779650348756 0.5 1524254366.0244675
2 10.108530078285426 0.5 1524254366.404901
1 8.707704575187915 0.5 1524254366.4802983
2 10.068582568445393 0.5 1524254366.801206
2 10.110162768718164 0.5 1524254366.8469155
2 3 frame freq 1524254366.848348
1 8.6804828954497 0.5 1524254366.9227304
1 8.706087143544273 0.5 1524254367.3720877
2 7.815377249969871 0.5 1524254367.5892677
1 8.774026901971595 0.5 1524254367.851563
2 7.5257883212078145 0.5 1524254368.0143676
1 8.821573288778913 0.5 1524254368.2821884
2 7.369969381708595 0.5 1524254368.4307425
1 8.682985336860616 0.5 1524254368.754656
2 6.033307086738399 0.5 1524254368.8377135
1 8.86364177030259 0.5 1524254369.2035887
2 7.407410635440445 0.5 1524254369.2250967
2 7.589192404577866 0.5 1524254369.5955768
1 8.734880478558841 0.5 1524254369.6572218
2 7.722657218058886 0.5 1524254369.985381
1 8.880624802560787 0.5 1524254370.1057763
2 7.8170976784398745 0.5 1524254370.3727107
1 8.883684189773517 0.5 1524254370.5534878
2 7.624455466166987 0.5 1524254370.7810762
1 8.887834580406237 0.5 1524254371.006116
2 7.4591035981832166 0.5 1524254371.204227
1 8.889230759608063 0.5 1524254371.4551938
2 7.396481527754076 0.5 1524254371.6079504
1 8.855234177513482 0.5 1524254371.9099984
2 7.319996847435824 0.5 1524254372.0122108
1 8.918001206438987 0.5 1524254372.3536174
2 7.561951651353301 0.5 1524254372.3996634
1 8.885149033526245 0.5 1524254372.804321
2 7.498364462514155 0.5 1524254372.8243618
2 7.531689657888732 0.5 1524254373.200269
1 8.724313767113374 0.5 1524254373.28432
2 7.593094839887874 0.5 1524254373.5904622
1 8.658601791893323 0.5 1524254373.740126
2 7.488423361421422 0.5 1524254373.9699533
1 8.640474350453307 0.5 1524254374.192147
2 7.506676687871436 0.5 1524254374.4045289
1 8.83621409691165 0.5 1524254374.6541886
2 7.552689566375114 0.5 1524254374.789869
1 8.749979050364306 0.5 1524254375.1100855
2 7.71992589481161 0.5 1524254375.1468623
2 7.612038626544253 0.5 1524254375.547361
1 8.764734299415226 0.5 1524254375.5674503
2 7.775219931779838 0.5 1524254375.9486296
1 8.74921611090976 0.5 1524254376.0153952
2 7.733483328918896 0.5 1524254376.3394547
1 8.868951828906223 0.5 1524254376.4633656
2 7.560250296369661 0.5 1524254376.733797
1 8.91059306433535 0.5 1524254376.909039
2 7.6330881260951795 0.5 1524254377.1194608
1 8.881540329906231 0.5 1524254377.3672395
2 7.7002687597652315 0.5 1524254377.5061238
1 9.02047160457908 0.5 1524254377.7989209
2 7.873490348222647 0.5 1524254377.864036
2 8.03102305537281 0.5 1524254378.2272034
1 8.872438462213495 0.5 1524254378.2612956
2 8.038629561734629 0.5 1524254378.6141987
1 8.906793625851714 0.5 1524254378.713538
2 8.108331710301956 0.5 1524254378.984677
1 8.727464707060651 0.5 1524254379.1846762
2 7.9046220926654 0.5 1524254379.3814025
1 8.670511276778793 0.5 1524254379.645822
2 7.783940329745304 0.5 1524254379.7702634
1 8.606416733202366 0.5 1524254380.1136034
2 7.8264017250880675 0.5 1524254380.1483657
2 7.834157004643523 0.5 1524254380.5168025
1 8.710245163571551 0.5 1524254380.5453064
2 7.854706778851722 0.5 1524254380.9108686
1 8.890611680020793 0.5 1524254380.9952679
2 7.738327994455267 0.5 1524254381.3211567
1 8.972597153806317 0.5 1524254381.4445202
2 7.6645403051088365 0.5 1524254381.7137547
1 8.883150132155324 0.5 1524254381.8965557
2 7.658905997237017 0.5 1524254382.0831323
1 8.907556565306255 0.5 1524254382.3418486
2 7.898537650515394 0.5 1524254382.430407
2 8.10147288460559 0.5 1524254382.8051987
1 8.695550949676985 0.5 1524254382.827531
2 8.227899581618427 0.5 1524254383.1701827
1 8.672197372973336 0.5 1524254383.280337
2 8.0875950159274 0.5 1524254383.5670226
1 8.702173264142454 0.5 1524254383.7233171
2 7.968647971690911 0.5 1524254383.9342434
1 8.884134324051699 0.5 1524254384.1753888
2 7.805748954053503 0.5 1524254384.3431766
1 8.922891648342635 0.5 1524254384.6283948
2 7.588185324497868 0.5 1524254384.7507982
1 8.87287333770259 0.5 1524254385.0738146
2 7.60963155256516 0.5 1524254385.1441836
2 7.672253622994303 0.5 1524254385.4984913
1 8.875383408508046 0.5 1524254385.5254693
2 7.8309831765126106 0.5 1524254385.9051528
1 8.90323832799352 0.5 1524254385.9750175
2 7.727131857959804 0.5 1524254386.3043835
1 8.885309250811698 0.5 1524254386.4261105
2 7.879239097012656 0.5 1524254386.666654
1 8.872377427057131 0.5 1524254386.8779762
2 7.880925193207202 0.5 1524254387.0389123
1 8.898889573102611 0.5 1524254387.323782
2 7.562943472644211 0.5 1524254387.4590743
1 8.890810044278968 0.5 1524254387.7737412
2 7.8722429422144655 0.5 1524254387.8274112
2 7.7450151587743585 0.5 1524254388.2181928
1 8.888399155602608 0.5 1524254388.238647
2 7.685078635225223 0.5 1524254388.587326
1 8.86162761014258 0.5 1524254388.676764
2 7.909783378075405 0.5 1524254388.9756932
1 8.874208481748049 0.5 1524254389.1440778
2 7.8389864113908025 0.5 1524254389.3578424
1 8.743410141660668 0.5 1524254389.6006975
2 7.896447196409937 0.5 1524254389.7374668
1 8.70601847899336 0.5 1524254390.0555534
2 7.947636619112707 0.5 1524254390.099169
2 8.132318526752886 0.5 1524254390.4511588
1 8.732622177773383 0.5 1524254390.5001068
2 8.088502913878306 0.5 1524254390.8415449
1 8.889261277186241 0.5 1524254390.9519541
2 8.184640914545662 0.5 1524254391.203323
1 8.878755600897145 0.5 1524254391.4068966
2 8.108613997900145 0.5 1524254391.5747175
1 8.827264817109834 0.5 1524254391.8592443
2 7.813488974819872 0.5 1524254391.9849796
1 8.875093491515328 0.5 1524254392.302785
2 7.938794150834523 0.5 1524254392.3562965
2 7.661252036059749 0.5 1524254392.773276
1 8.859140427520765 0.5 1524254392.7967713
2 7.48624135458142 0.5 1524254393.1777275
1 8.723901779807928 0.5 1524254393.2540472
2 7.569146170409672 0.5 1524254393.570043
1 8.528711349756849 0.5 1524254393.7100646
2 7.593144430952418 0.5 1524254393.9333413
1 8.542696029958678 0.5 1524254394.1656048
2 7.719502463414343 0.5 1524254394.3271477
1 8.725976975124285 0.5 1524254394.610652
2 7.910103812646315 0.5 1524254394.6932948
1 8.863214524208036 0.5 1524254395.0646224
2 7.998723044989114 0.5 1524254395.0848064
2 7.679932608604307 0.5 1524254395.5004637
1 8.831102402566193 0.5 1524254395.525067
2 7.632584586055179 0.5 1524254395.899753
1 8.788744004049798 0.5 1524254395.9805167
2 7.672120108589756 0.5 1524254396.2578487
1 8.812921555364362 0.5 1524254396.43586
2 7.726326956835251 0.5 1524254396.6245537
1 8.796190293126166 0.5 1524254396.889859
2 7.8567934182599055 0.5 1524254397.0253527
1 8.814264328804358 0.5 1524254397.3382852
2 7.968861594738182 0.5 1524254397.4033542
1 8.923051865628095 0.5 1524254397.771104
2 7.895871177121761 0.5 1524254397.7920814
2 7.52776814909236 0.5 1524254398.2195518
1 9.007104905335435 0.5 1524254398.2403216
2 7.517708792384176 0.5 1524254398.6232061
1 8.88270762727169 0.5 1524254398.6905923
2 7.613427176351526 0.5 1524254398.9789467
1 8.887926133140782 0.5 1524254399.1282284
2 7.637822165410638 0.5 1524254399.3472922
1 8.791421921535258 0.5 1524254399.5861228
2 7.887715354352664 0.5 1524254399.7400026
1 8.897584946635337 0.5 1524254400.040056
2 8.076669722938298 0.5 1524254400.1060624
1 8.760644943938859 0.5 1524254400.4896617
2 7.835022940924436 0.5 1524254400.5129492
2 7.869442954416283 0.5 1524254400.8725398
1 8.83658030784983 0.5 1524254400.942617
2 7.843884482688986 0.5 1524254401.2734005
1 8.791482956691613 0.5 1524254401.4048479
2 7.818646445532604 0.5 1524254401.6409273
1 8.849741013440761 0.5 1524254401.845786
2 7.729828848931619 0.5 1524254402.0623221
1 8.83844188011893 0.5 1524254402.3005989
2 7.614251150962435 0.5 1524254402.4496481
1 8.812723191106176 0.5 1524254402.7651079
2 7.654828085852469 0.5 1524254402.840238
1 8.879900010078957 0.5 1524254403.197483
2 7.673474326121575 0.5 1524254403.2180784
2 7.877949729334474 0.5 1524254403.5845144
1 8.938051255304469 0.5 1524254403.6627157
2 7.8395776894680775 0.5 1524254403.9820879
1 8.839304001702569 0.5 1524254404.122822
2 8.006212264310962 0.5 1524254404.3355951
1 8.729227097200654 0.5 1524254404.5720353
2 7.980488792025463 0.5 1524254404.7091553
1 8.705148728015176 0.5 1524254405.0215628
2 7.750824942720729 0.5 1524254405.1321282
1 8.798791916666168 0.5 1524254405.4941766
2 7.8694696572971905 0.5 1524254405.5168896
2 7.739434256664359 0.5 1524254405.8869717
1 8.831338913797099 0.5 1524254405.9298892
1 8.842912705322572 0.5 1524254405.9741576
1 3 frame freq 1524254405.9755936
2 7.570103659425123 0.5 1524254406.29397
2 7.892457023062663 0.5 1524254406.6542842
1 6.676301014938024 0.5 1524254406.8520868
2 7.8021707680116785 0.5 1524254407.046171
1 6.645283711413448 0.5 1524254407.309071
2 7.844891562768991 0.5 1524254407.416352
1 6.596066487200684 0.5 1524254407.7504303
2 7.963070884278176 0.5 1524254407.8023503
2 7.928643241391787 0.5 1524254408.167889
1 5.316208849318718 0.5 1524254408.2330558
2 8.002405196432779 0.5 1524254408.5450196
1 6.636605275117991 0.5 1524254408.6597748
2 7.934556022164519 0.5 1524254408.9269218
1 6.750832570252633 0.5 1524254409.0894446
2 7.913624778229049 0.5 1524254409.3155687
1 6.737275136145343 0.5 1524254409.5401876
2 7.948212638400889 0.5 1524254409.6795225
1 6.897187245818208 0.5 1524254409.973387
2 8.017663985523706 0.5 1524254410.0393438
1 6.875523580006368 0.5 1524254410.4095352
2 7.982533469763648 0.5 1524254410.4302683
2 8.137163192289258 0.5 1524254410.790914
1 6.833184254976335 0.5 1524254410.8581622
2 7.9277582316245105 0.5 1524254411.1917
1 6.809319508838134 0.5 1524254411.309609
2 7.6648874425606595 0.5 1524254411.6044848
1 6.785614979985389 0.5 1524254411.740514
2 7.758999838976188 0.5 1524254411.9776003
1 6.790146840345388 0.5 1524254412.1796489
2 7.7275400305679804 0.5 1524254412.3449972
1 6.759987843707184 0.5 1524254412.63696
2 7.945210471647251 0.5 1524254412.7052948
2 8.232225448325703 0.5 1524254413.0626686
1 6.759457600786276 0.5 1524254413.083322
2 8.158876449165643 0.5 1524254413.4483988
1 6.769043935032645 0.5 1524254413.5128717
2 8.007494002594605 0.5 1524254413.8427527
1 6.6926622515407646 0.5 1524254413.9806147
2 7.95184423020453 0.5 1524254414.210244
1 6.684510243468938 0.5 1524254414.4324422
2 7.842972770040802 0.5 1524254414.5919309
1 6.645749104480721 0.5 1524254414.8795786
2 7.8711366800053755 0.5 1524254414.9726777
1 6.665036213891646 0.5 1524254415.3139522
2 7.932595267766337 0.5 1524254415.3565087
2 7.911438956691768 0.5 1524254415.7268436
1 6.647740376457088 0.5 1524254415.7785385
2 7.913353934722682 0.5 1524254416.107737
1 6.662175190937099 0.5 1524254416.2285173
2 7.9254312662881485 0.5 1524254416.4868634
1 6.713131917106238 0.5 1524254416.663197
2 7.935460105418157 0.5 1524254416.8694015
1 6.675549519575295 0.5 1524254417.1126018
2 7.989041343310928 0.5 1524254417.227717
1 6.766968739716278 0.5 1524254417.5494666
2 8.037912398647352 0.5 1524254417.6017375
2 7.95477773240726 0.5 1524254418.0002131
1 6.776997578846289 0.5 1524254418.0235405
2 7.995755210510935 0.5 1524254418.3700697
1 6.781125081295381 0.5 1524254418.4328196
2 7.7418565894325395 0.5 1524254418.77972
1 6.775578511460834 0.5 1524254418.8811405
2 7.543198599560559 0.5 1524254419.1910703
1 6.7078828936589545 0.5 1524254419.3310678
2 7.6808366918579445 0.5 1524254419.5654871
1 6.777844441640835 0.5 1524254419.759122
2 7.590287222695144 0.5 1524254419.9489965
1 6.8390894063545185 0.5 1524254420.1913457
2 7.608510031566977 0.5 1524254420.354624
1 6.794556630392665 0.5 1524254420.647508
2 7.735589041813446 0.5 1524254420.7429378
1 6.835030568456333 0.5 1524254421.092252
2 7.710953726826152 0.5 1524254421.1190958
2 7.7587747718371 0.5 1524254421.4949458
1 6.809414876269951 0.5 1524254421.5179832
2 7.684903159150675 0.5 1524254421.9165416
1 6.829033864343602 0.5 1524254421.9427493
2 7.650265707914281 0.5 1524254422.312838
1 6.885231984565466 0.5 1524254422.3917077
2 7.554806723361478 0.5 1524254422.7048104
1 6.828072560630877 0.5 1524254422.8631692
2 7.552105917692386 0.5 1524254423.0850785
1 6.739148152506259 0.5 1524254423.3081098
2 7.712243094504331 0.5 1524254423.4739213
1 6.648152363762545 0.5 1524254423.748951
2 7.6772699499079415 0.5 1524254423.8760767
1 6.681271565484392 0.5 1524254424.18666
2 7.885022178078112 0.5 1524254424.2241282
2 7.970829978530911 0.5 1524254424.5897126
1 6.782883656738114 0.5 1524254424.6271603
2 8.10526469369469 0.5 1524254424.9527342
1 6.790184987318114 0.5 1524254425.0673735
2 8.28393748455483 0.5 1524254425.326263
1 6.801568043979947 0.5 1524254425.5127788
2 8.243738204694802 0.5 1524254425.6833494
1 6.848477376342713 0.5 1524254425.9370284
2 8.054819136960102 0.5 1524254426.081343
1 6.782959950683562 0.5 1524254426.3825047
2 7.9318056254308775 0.5 1524254426.468337
1 6.7867860920481125 0.5 1524254426.849661
2 7.855057731000817 0.5 1524254426.8724709
2 7.748436942227999 0.5 1524254427.2302508
1 6.779984486810834 0.5 1524254427.2826817
2 7.7640161658898315 0.5 1524254427.6252465
1 6.7778139240626505 0.5 1524254427.7083867
2 7.81612493063533 0.5 1524254428.0053387
1 6.832844746919061 0.5 1524254428.1468759
2 7.793141379567131 0.5 1524254428.3920608
1 6.870903981609089 0.5 1524254428.588031
2 7.739888205639814 0.5 1524254428.778371
1 6.910660756585488 0.5 1524254429.018265
2 7.960240378901813 0.5 1524254429.1337755
1 6.869236958900911 0.5 1524254429.4609704
2 7.91853429361905 0.5 1524254429.5179665
1 6.835186971044515 0.5 1524254429.8934076
2 7.808442130328052 0.5 1524254429.9271808
2 7.806015982862594 0.5 1524254430.3166888
1 6.886395467233648 0.5 1524254430.3364787
2 7.702572836917961 0.5 1524254430.692542
1 6.864644063384544 0.5 1524254430.7801383
2 7.662270560231562 0.5 1524254431.0839248
1 6.849087727906344 0.5 1524254431.2098138
2 7.746094718102544 0.5 1524254431.4776745
1 6.814412129697224 0.5 1524254431.6553273
2 7.794861808037126 0.5 1524254431.857056
1 6.822155965160867 0.5 1524254432.0840425
2 7.7682275916789285 0.5 1524254432.2449813
1 6.875062001636366 0.5 1524254432.513444
2 7.732747092345263 0.5 1524254432.6346643
1 6.891709340534566 0.5 1524254432.9489508
2 7.861557975153548 0.5 1524254433.004026
1 6.928566945583683 0.5 1524254433.388451
2 7.818211570043515 0.5 1524254433.4089425
2 7.91032125039086 0.5 1524254433.7589633
1 6.961541188809169 0.5 1524254433.8151271
2 7.883755698583568 0.5 1524254434.1563044
1 6.913277638914581 0.5 1524254434.2477262
2 7.882927909275382 0.5 1524254434.5247548
1 6.980149282105547 0.5 1524254434.6777253
2 7.9010553507153976 0.5 1524254434.9112434
1 7.0148935448655765 0.5 1524254435.0993867
2 7.7699060584789255 0.5 1524254435.2976618
1 6.8986902365436595 0.5 1524254435.544967
2 7.919346824138139 0.5 1524254435.6739862
1 6.908974660390943 0.5 1524254435.9976141
2 7.6509370946342825 0.5 1524254436.0925221
1 6.880635274351829 0.5 1524254436.4211009
2 7.543721213086925 0.5 1524254436.5009403
1 6.851799977667258 0.5 1524254436.8508296
2 7.5708246372096735 0.5 1524254436.8819256
2 7.47361089191141 0.5 1524254437.2771833
1 6.891869557820022 0.5 1524254437.2975836
2 7.789811148848033 0.5 1524254437.633277
1 6.896195424527296 0.5 1524254437.7394996
2 7.947785392306349 0.5 1524254438.0147977
1 6.820900929758145 0.5 1524254438.1732924
2 8.055185347898277 0.5 1524254438.3709753
1 6.8806390890491 0.5 1524254438.6131275
2 8.23695567294388 0.5 1524254438.7338758
1 6.822201741528146 0.5 1524254439.0446265
2 8.184305221185664 0.5 1524254439.1002352
2 8.170579940398373 0.5 1524254439.4800737
1 6.885376943061835 0.5 1524254439.5038652
2 8.01295664908916 0.5 1524254439.8692389
1 6.857689870256353 0.5 1524254439.928829
2 8.061075240487376 0.5 1524254440.2241652
1 6.773678792219009 0.5 1524254440.377806
2 7.959103599114541 0.5 1524254440.609385
1 6.800457967073577 0.5 1524254440.811535
2 8.12056162975833 0.5 1524254440.9583912
1 6.681546223688027 0.5 1524254441.26318
2 8.211404830611132 0.5 1524254441.3298426
1 6.800648701937216 0.5 1524254441.6849613
2 7.957715049307262 0.5 1524254441.7305431
1 6.816231740296319 0.5 1524254442.126568
2 7.815041556609874 0.5 1524254442.1489327
2 7.590332999062415 0.5 1524254442.5376272
1 6.866101277742728 0.5 1524254442.5580559
2 7.584431662381498 0.5 1524254442.9139533
1 6.975239766715539 0.5 1524254442.9885094
2 7.768551840947111 0.5 1524254443.277392
1 6.873497975754551 0.5 1524254443.4408433
2 8.024576216981897 0.5 1524254443.641504
1 6.861069692039992 0.5 1524254443.8740423
2 8.147928267992905 0.5 1524254444.0240574
2 4 frame freq 1524254444.0254185
1 6.884404195257287 0.5 1524254444.2995446
2 8.070444136989195 0.5 1524254444.4382234
1 6.825142873125419 0.5 1524254444.7417576
2 10.12367442645817 0.5 1524254444.825253
1 6.813839925106315 0.5 1524254445.2146173
2 9.713281664463283 0.5 1524254445.2619698
1 6.78202153515447 0.5 1524254445.6586053
2 9.8220997188652 0.5 1524254445.679311
2 9.637506517837776 0.5 1524254446.0708575
1 6.702775014010775 0.5 1524254446.0917313
2 9.95886424548713 0.5 1524254446.466605
1 6.665383351343467 0.5 1524254446.547174
2 10.143442187725464 0.5 1524254446.8429067
1 6.748894704038085 0.5 1524254446.9786897
2 10.039163623078096 0.5 1524254447.2636695
1 6.774720204574469 0.5 1524254447.4280124
2 9.82027629356883 0.5 1524254447.687185
1 6.782940877197201 0.5 1524254447.8615913
2 9.612978014374118 0.5 1524254448.0930052
1 6.783360493897201 0.5 1524254448.3125694
2 10.015832934558087 0.5 1524254448.4618664
1 6.774147999983558 0.5 1524254448.748721
2 10.174104724403662 0.5 1524254448.8668187
1 6.785286916019931 0.5 1524254449.1835582
2 10.039133105499925 0.5 1524254449.2880297
1 6.796700490259937 0.5 1524254449.6270912
2 9.996110949658068 0.5 1524254449.664877
2 10.04073527835447 0.5 1524254450.0620573
1 6.889824880081833 0.5 1524254450.0817132
2 10.30872539115832 0.5 1524254450.4503329
1 6.797673238064487 0.5 1524254450.51933
2 10.079912219345408 0.5 1524254450.8567884
1 6.699494374356224 0.5 1524254450.9761171
2 9.763757738776054 0.5 1524254451.2895696
1 6.760117543414456 0.5 1524254451.401411
2 9.927652392401642 0.5 1524254451.661319
1 6.6634836321016495 0.5 1524254451.8535166
2 9.775941881865162 0.5 1524254452.0846398
1 6.762070668418094 0.5 1524254452.2907906
2 9.752824816392417 0.5 1524254452.5198786
1 6.857655537980899 0.5 1524254452.723618
2 9.517862352575857 0.5 1524254452.9217987
1 6.863522542386358 0.5 1524254453.1483765
2 9.764184984870608 0.5 1524254453.3103085
1 6.97329808580372 0.5 1524254453.5816476
2 10.079034838972682 0.5 1524254453.7119207
1 6.941151631886423 0.5 1524254454.0101693
2 10.152048144772744 0.5 1524254454.101868
1 7.000092519447379 0.5 1524254454.4381835
2 10.121789966005442 0.5 1524254454.4945765
1 7.02901555416922 0.5 1524254454.8753915
2 10.181535754690952 0.5 1524254454.897274
2 10.199495349450961 0.5 1524254455.279525
1 6.962281240080077 0.5 1524254455.3017159
2 10.086030993770866 0.5 1524254455.6924427
1 6.975708974480087 0.5 1524254455.7425323
2 9.820711169057917 0.5 1524254456.1110566
1 6.914219869140945 0.5 1524254456.1742187
2 9.810640368257916 0.5 1524254456.5036404
1 6.802144063268123 0.5 1524254456.622172
2 9.752229723617862 0.5 1524254456.9167683
1 6.848832143189076 0.5 1524254457.05729
2 9.772203478537884 0.5 1524254457.3390367
1 6.8212404378154154 0.5 1524254457.49079
2 9.699480089730542 0.5 1524254457.742331
1 6.87141515104364 0.5 1524254457.921263
2 9.858896288757947 0.5 1524254458.1369245
1 6.96332265243553 0.5 1524254458.3521788
2 10.171396289340032 0.5 1524254458.5203927
1 6.92959691384732 0.5 1524254458.7818773
2 10.413499866451136 0.5 1524254458.8977916
1 6.88977528901729 0.5 1524254459.2309709
2 10.211992297716426 0.5 1524254459.3079977
1 6.806279195111765 0.5 1524254459.6853383
2 10.293977771501952 0.5 1524254459.7079175
2 10.00467875973262 0.5 1524254460.0905128
1 6.729226124899887 0.5 1524254460.1275117
2 10.072755847261762 0.5 1524254460.4993992
1 6.740429890789894 0.5 1524254460.5623314
2 9.809198412688826 0.5 1524254460.9108658
1 6.854493153941808 0.5 1524254460.9895763
2 9.569742235484984 0.5 1524254461.3458517
1 6.961365712734622 0.5 1524254461.4075768
2 9.695703539430545 0.5 1524254461.7368038
1 7.0049219261946565 0.5 1524254461.8393202
2 9.530023607481315 0.5 1524254462.1700537
1 7.039910329580143 0.5 1524254462.2794662
2 9.398225816708477 0.5 1524254462.6226919
1 6.9474344382946125 0.5 1524254462.7108421
2 9.265916856501098 0.5 1524254463.0314171
1 6.953610433179158 0.5 1524254463.1326802
2 9.449022325592159 0.5 1524254463.4365401
1 6.947033895080973 0.5 1524254463.5722196
2 9.915483508101632 0.5 1524254463.8350387
1 6.900593770482753 0.5 1524254464.0191708
2 10.214326892447342 0.5 1524254464.2062283
1 6.894246114220931 0.5 1524254464.4503953
2 10.156587634527286 0.5 1524254464.6180973
1 6.765240681851733 0.5 1524254464.9178815
2 10.381555591489299 0.5 1524254464.9872682
1 6.700066578947133 0.5 1524254465.3599586
2 10.061029467845396 0.5 1524254465.4019432
1 6.747998250178988 0.5 1524254465.7893736
2 10.113603625658158 0.5 1524254465.8087473
2 9.903627428977993 0.5 1524254466.1994822
1 6.782616627929019 0.5 1524254466.2191882
2 10.213144336292798 0.5 1524254466.5771549
1 6.813294423396319 0.5 1524254466.6692245
2 10.31698039605652 0.5 1524254466.968832
1 6.912232411861857 0.5 1524254467.0933752
2 10.11596873796725 0.5 1524254467.3851602
1 6.829525960291783 0.5 1524254467.544028
2 9.560403856561338 0.5 1524254467.8292832
1 6.773877156477192 0.5 1524254467.9921136
2 9.806123766687 0.5 1524254468.1936388
1 6.770543111060827 0.5 1524254468.4402795
2 10.067117724692675 0.5 1524254468.578965
1 6.759381306840818 0.5 1524254468.8702784
2 10.191827807932777 0.5 1524254469.005962
1 6.733872426178071 0.5 1524254469.324188
2 9.845636401037948 0.5 1524254469.4130676
1 6.777073872791745 0.5 1524254469.7654955
2 9.85811046111977 0.5 1524254469.7981853
1 6.765206349576276 0.5 1524254470.2138615
2 9.864419970408864 0.5 1524254470.2348676
2 10.000589404256253 0.5 1524254470.6231654
1 6.7773180134171955 0.5 1524254470.6428838
2 9.55585673741225 0.5 1524254471.0521345
1 6.836590779640883 0.5 1524254471.079139
2 9.638772997332316 0.5 1524254471.46811
1 6.788208974130843 0.5 1524254471.5294578
2 9.713953051183292 0.5 1524254471.8454487
1 6.863598836331815 0.5 1524254471.9674242
2 10.013361010725358 0.5 1524254472.2504215
1 6.851826680548168 0.5 1524254472.393853
2 10.203851733736423 0.5 1524254472.6457112
1 6.842133534778159 0.5 1524254472.8314986
2 10.151483569576378 0.5 1524254473.0270796
1 6.889260304885469 0.5 1524254473.270468
2 9.99202922357624 0.5 1524254473.449325
1 6.884614003607286 0.5 1524254473.7102084
1 6.874508870531822 0.5 1524254474.1392534
1 6.929669393095505 0.5 1524254474.564074
1 6.98866750111555 0.5 1524254474.987473
1 7.029252065400133 0.5 1524254475.4142933
1 7.100197805278371 0.5 1524254475.8274746
1 7.145936025578411 0.5 1524254476.2426138
1 7.137890829030219 0.5 1524254476.6699426
1 7.153012289019329 0.5 1524254477.097231
1 7.045620931397422 0.5 1524254477.5296242
1 6.97255803453281 0.5 1524254477.9709792
1 6.915333760744586 0.5 1524254478.4191244
1 6.9027414450473 0.5 1524254478.8422914
1 6.842942250599977 0.5 1524254479.2904892
1 6.840680135117247 0.5 1524254479.7209504
1 6.896309865445478 0.5 1524254480.1568742
1 6.796269429468119 0.5 1524254480.5928802
1 6.926590932396414 0.5 1524254481.0178192
1 6.977337850215545 0.5 1524254481.438415
1 6.993721975001919 0.5 1524254481.868158
1 7.060780538359247 0.5 1524254482.2951517
1 7.02621938106831 0.5 1524254482.725192
1 7.026230825160132 0.5 1524254483.1459842
1 7.04387761474378 0.5 1524254483.578445
1 7.049557698982879 0.5 1524254484.0005481
1 7.0354509484683225 0.5 1524254484.4288964
1 7.018910421093757 0.5 1524254484.855246
1 7.000462545082838 0.5 1524254485.293368
1 6.941563619191876 0.5 1524254485.736263
1 6.931252492463691 0.5 1524254486.1607585
1 6.919812215342772 0.5 1524254486.5904372
1 6.917298329840038 0.5 1524254487.029319
1 6.914734853272766 0.5 1524254487.460996
1 6.974392903920996 0.5 1524254487.8821633
1 6.97471715318918 0.5 1524254488.3140929
1 7.009171498956482 0.5 1524254488.742009
1 7.009758962336479 0.5 1524254489.1709726
1 7.000893605874653 0.5 1524254489.596882
1 7.02504063961104 0.5 1524254490.0175197
1 7.0182123314928475 0.5 1524254490.4340694
1 7.036622060531051 0.5 1524254490.8780413
1 7.035717977277412 0.5 1524254491.3024125
1 7.051262868663787 0.5 1524254491.7200377
1 7.036393178694685 0.5 1524254492.142741
1 7.101529134626556 0.5 1524254492.5674534
1 7.100422872417465 0.5 1524254492.990634
