2 1 1524025000.950262
1 1 1524025001.9998977
2 9.057931931797294 0.99 1524025002.294655
2 9.199342759697412 0.99 1524025002.6523945
2 9.607194933308659 0.99 1524025002.962574
1 10.461725269372995 0.98 1524025003.1681204
2 9.471063646433995 0.99 1524025003.2720196
1 10.947542225844302 0.97 1524025003.4445305
2 9.108560594000974 0.99 1524025003.6128435
1 11.179964101277221 0.96 1524025003.7177129
2 9.747056994116049 0.99 1524025003.8845053
1 11.037973439391655 0.95 1524025003.992007
2 9.441041978897609 0.99 1524025004.234473
1 10.987970387540706 0.94 1524025004.2582695
2 9.560083421990436 0.99 1524025004.5314183
1 10.997804677109801 0.93 1524025004.5509312
1 11.004663502806167 0.92 1524025004.813347
2 10.01297191160354 0.98 1524025004.8326323
1 10.849390065016955 0.91 1524025005.0974274
2 9.704942736225105 0.982 1524025005.120329
1 10.663446461154976 0.9 1524025005.386652
2 9.84758952604158 0.9838 1524025005.453598
1 10.551820789560349 0.89 1524025005.6682982
2 9.788332018606981 0.9854 1524025005.7562923
1 10.554468189467613 0.88 1524025005.9482183
2 9.709756884183289 0.9868333333333333 1524025006.0452387
1 10.565889393102175 0.87 1524025006.230736
2 9.54104045320497 0.9881333333333333 1524025006.3762078
1 10.62002757679676 0.86 1524025006.5127728
2 9.605012926468648 0.9893 1524025006.7035928
1 10.529260669889421 0.85 1524025006.8095613
2 9.839548144190667 0.9903666666666666 1524025006.974056
1 10.372079883463838 0.84 1524025007.10267
2 9.889581713619801 0.99 1524025007.260534
1 10.341058765241987 0.83 1524025007.392575
2 10.260599170365557 0.98 1524025007.5457094
1 10.246507678640091 0.82 1524025007.6847823
2 10.520532642529407 0.97 1524025007.8423455
1 10.173791919227309 0.81 1524025007.988946
2 10.014040026839902 0.96 1524025008.172557
1 10.103311572416342 0.8 1524025008.2896738
2 9.98703959954352 0.964 1524025008.463316
1 9.95658305651803 0.82 1524025008.5985138
2 9.870767626670686 0.9676 1524025008.7648344
1 9.895479235603442 0.838 1524025008.8966255
2 9.675981554530527 0.9708333333333333 1524025009.0823803
1 9.945581469583484 0.8542 1524025009.1918483
2 10.033807788107193 0.9608333333333333 1524025009.3669755
1 10.081934008899962 0.8442 1524025009.4780922
2 9.7134342523542 0.9647333333333333 1524025009.6972234
1 10.165246997336382 0.8342 1524025009.7786894
2 9.563364061644984 0.9682333333333333 1524025010.0202312
1 10.196680102863686 0.8242 1524025010.076838
2 9.423364671735774 0.9714 1524025010.3564434
1 10.150720630121832 0.8142 1524025010.3765383
2 9.418664964695768 0.9742333333333333 1524025010.6414301
1 10.08358958751632 0.8042 1524025010.6682925
2 9.798898730052446 0.9768 1524025010.921461
1 10.102403674465421 0.7942 1524025010.9665275
2 9.603891405470472 0.9791 1524025011.2684093
1 10.01548198240899 0.7842 1524025011.2911224
1 9.986719164972602 0.8057666666666666 1524025011.5761008
2 9.695405993043266 0.9811666666666666 1524025011.596956
1 9.944742236183485 0.8251666666666667 1524025011.875428
2 9.57342723305044 0.9830333333333333 1524025011.8953884
1 9.99038127435442 0.8426333333333333 1524025012.1661978
2 9.16051677085556 0.9847 1524025012.230911
1 10.10883525406725 0.8326333333333333 1524025012.4601052
2 9.10547068921006 0.9862 1524025012.5848897
1 10.19864085726187 0.8226333333333333 1524025012.7535064
2 9.474153551224912 0.9875666666666667 1524025012.8628657
1 10.219682727418252 0.8126333333333333 1524025013.0500245
2 9.486200365212193 0.9888 1524025013.1629717
1 10.099847827292699 0.8026333333333333 1524025013.3549635
2 9.693651232297816 0.9899 1524025013.4688933
1 10.041444812047201 0.7926333333333333 1524025013.6539724
2 10.387125049507487 0.9799 1524025013.7384825
1 9.958459887576216 0.8133666666666667 1524025013.9574695
2 10.238390002843719 0.9699 1524025014.0334563
1 9.974931750399872 0.832 1524025014.2535934
2 9.79935649372518 0.9729 1524025014.3854792
1 10.022356066894446 0.822 1524025014.5526993
2 10.13070872822908 0.9629 1524025014.6547139
1 9.965425524796226 0.8398 1524025014.85791
2 9.825937304321565 0.9666 1524025014.959863
1 10.065126452716308 0.8298 1524025015.1494305
2 9.36815074341027 0.9699333333333333 1524025015.3128605
1 10.057085070865392 0.8198 1524025015.4459841
2 9.666925463205068 0.9729333333333333 1524025015.626172
1 10.060976062083574 0.8098 1524025015.7472556
2 9.593172106134096 0.9756333333333334 1524025015.9067085
1 10.087930713012689 0.7998 1524025016.0510633
2 9.666086229805066 0.9780666666666666 1524025016.2012622
1 9.96080211170168 0.8198 1524025016.3542466
2 10.026262316901722 0.9680666666666666 1524025016.5097215
1 9.97376445303441 0.8378 1524025016.648769
2 10.108209643714526 0.9580666666666666 1524025016.812611
1 10.03704265139447 0.8278 1524025016.942277
2 9.9406681394962 0.9622333333333334 1524025017.1123278
1 10.0995121339327 0.8178 1524025017.2370493
2 10.106050525058155 0.9522333333333334 1524025017.3907971
1 10.135515246792725 0.8078 1524025017.5400963
2 9.89818767066708 0.957 1524025017.722562
1 10.132799182334544 0.7978 1524025017.8335578
2 9.86244395722159 0.9613 1524025018.0286655
1 10.017892871085362 0.7878 1524025018.1378145
2 9.434953722050324 0.9651666666666666 1524025018.3828995
1 9.958971057010768 0.809 1524025018.4427218
2 9.119134934840972 0.9686333333333333 1524025018.706731
1 9.979242358318047 0.8281 1524025018.742242
1 9.986101184014423 0.8452666666666667 1524025019.0367613
2 8.954126389611755 0.9717666666666667 1524025019.065059
1 10.106027636874522 0.8352666666666667 1524025019.3260643
2 9.152826341153732 0.9745666666666667 1524025019.3460362
1 10.207986865580066 0.8252666666666667 1524025019.6155698
2 9.291215928813845 0.9771 1524025019.6740484
1 10.205041919285518 0.8152666666666667 1524025019.9181807
2 9.415033372892134 0.9793666666666667 1524025019.9801848
1 10.163621936298211 0.8052666666666667 1524025020.2165256
2 9.833116564588835 0.9814 1524025020.2908447
1 10.09166911633997 0.7952666666666667 1524025020.5171325
2 9.59173777995955 0.9832333333333333 1524025020.5922437
1 9.928278002754375 0.8157333333333333 1524025020.825471
2 9.932359728836193 0.9849 1524025020.8833826
1 9.956140551634398 0.8341333333333333 1524025021.1214755
2 9.59549144207592 0.9864 1524025021.2300565
1 9.994691882272614 0.8507 1524025021.4175668
2 9.344697984577524 0.9877333333333334 1524025021.5684922
1 10.055231127990844 0.8407 1524025021.7099016
2 9.380144151635745 0.9889333333333333 1524025021.872076
1 10.218286548216437 0.8307 1524025022.00034
2 9.089395554902769 0.9900333333333333 1524025022.2028031
1 10.237016711825541 0.8207 1524025022.2942212
2 9.273630174386554 0.99 1524025022.5236278
1 10.097307238909059 0.8107 1524025022.6062412
2 9.34964946163753 0.99 1524025022.8512247
1 10.009546313452619 0.8007 1524025022.908718
2 9.602739366894104 0.99 1524025023.1218019
1 9.933092150712566 0.8206 1524025023.209244
2 10.009195361303526 0.98 1524025023.4030266
1 9.893632922123443 0.8385333333333334 1524025023.5097423
2 10.487764392956654 0.97 1524025023.667878
1 9.99537089838716 0.8546666666666667 1524025023.808161
2 10.41063884349659 0.96 1524025024.003143
1 10.109293017739974 0.8446666666666667 1524025024.0945034
2 10.208444629252794 0.95 1524025024.2959518
1 10.135713611050916 0.8346666666666667 1524025024.392386
2 9.939226183927106 0.955 1524025024.6103582
1 10.208040271341885 0.8246666666666667 1524025024.6894596
2 9.353220018284803 0.9595 1524025024.954976
1 10.167223010523658 0.8146666666666667 1524025024.9877346
2 9.798219713937906 0.9635333333333334 1524025025.2273412
1 10.033494982930819 0.8046666666666666 1524025025.2901084
2 9.66424754571961 0.9671666666666666 1524025025.5372036
1 10.007028613252618 0.7946666666666666 1524025025.590376
2 9.69164470153236 0.9704333333333334 1524025025.848369
1 9.903146777121624 0.8152 1524025025.895697
2 10.133760486047276 0.9604333333333334 1524025026.1370645
1 9.939844164885296 0.8336666666666667 1524025026.1976867
2 9.78072551224516 0.9643666666666667 1524025026.4581716
1 9.99681285395625 0.8503 1524025026.4928095
2 9.919542345999826 0.9679 1524025026.7474308
1 10.037073168972642 0.8403 1524025026.7868066
1 10.07901195078904 0.8303 1524025027.084316
2 9.611063036343202 0.9711 1524025027.1036296
1 10.074731860449042 0.8203 1524025027.3857772
2 9.45598033341762 0.9739666666666666 1524025027.4071872
2 9.693811449583272 0.9765666666666667 1524025027.6969395
1 9.977869067299872 0.8382666666666667 1524025027.7184777
1 9.97674754630169 0.8544333333333334 1524025027.9886801
2 9.551843675881342 0.9789 1524025028.008108
1 9.959505114628945 0.8689666666666667 1524025028.2904313
2 9.777017626496066 0.981 1524025028.3238177
1 10.07084086923085 0.8589666666666667 1524025028.5749254
2 9.583635362952275 0.9829 1524025028.6564593
1 10.307687793500145 0.8489666666666666 1524025028.8576868
2 9.571496996230438 0.9846 1524025028.947215
1 10.395250354698394 0.8389666666666666 1524025029.144258
2 9.751642260237864 0.9861333333333333 1524025029.2431633
1 10.490739856829384 0.8289666666666666 1524025029.435044
2 9.823656115352469 0.9875 1524025029.5445764
1 10.36569408022928 0.8189666666666666 1524025029.7322366
2 10.2929630620274 0.9775 1524025029.8216217
1 10.227502856827355 0.8089666666666666 1524025030.0297744
2 10.04871562504902 0.9675 1524025030.1404321
1 10.109117541665439 0.7989666666666667 1524025030.33093
2 10.02460673828536 0.9575 1524025030.4324648
1 10.006738696259887 0.7889666666666667 1524025030.634119
2 10.132463488974539 0.9475 1524025030.7311993
1 9.981065783614417 0.8100666666666667 1524025030.9357834
2 9.930086169261648 0.9527333333333333 1524025031.030614
1 9.915056262007097 0.8290333333333333 1524025031.2421317
2 9.79197886919971 0.9574333333333334 1524025031.365443
1 9.922708544736189 0.8461 1524025031.539492
2 9.626108202386845 0.9616666666666667 1524025031.6778617
1 9.940843615570753 0.8614666666666667 1524025031.8429403
2 9.557550463001336 0.9655 1524025031.9901342
1 10.065561328205398 0.8514666666666667 1524025032.129681
2 9.515687975130392 0.9689333333333333 1524025032.2917092
1 10.193292651685502 0.8414666666666667 1524025032.41742
2 9.949457202012574 0.9720333333333333 1524025032.5721045
1 10.219331775269163 0.8314666666666667 1524025032.7136858
2 9.735528978957857 0.9748 1524025032.909676
1 10.246866260183726 0.8214666666666667 1524025033.0140595
2 9.573106798479536 0.9773 1524025033.2390993
1 10.122758899112714 0.8114666666666667 1524025033.3141685
2 9.88855174535616 0.9795666666666667 1524025033.5070107
1 10.02990153809991 0.8014666666666667 1524025033.617061
2 9.537920030835874 0.9816 1524025033.829533
1 10.004144702114438 0.7914666666666667 1524025033.9132822
2 10.07896617442177 0.9716 1524025034.100334
1 9.907663378692536 0.8123 1524025034.2207465
2 10.250482593198278 0.9616 1524025034.4081435
1 9.987237963801693 0.8310666666666666 1524025034.5145981
2 9.987344775325337 0.9654333333333334 1524025034.7079558
1 10.036119494654466 0.8210666666666666 1524025034.817052
2 9.998659167436248 0.9688666666666667 1524025035.03206
1 10.052194628961756 0.8110666666666667 1524025035.1077664
2 9.65689280937778 0.9719666666666666 1524025035.3431196
1 10.07746318369631 0.8010666666666667 1524025035.413395
2 9.801393542068809 0.9747666666666667 1524025035.6327553
1 9.965242419327137 0.8209333333333333 1524025035.7176988
2 9.81576732139247 0.9772666666666666 1524025035.9291449
1 10.029733691419919 0.8109333333333333 1524025036.0079355
2 9.7422657343415 0.9795333333333334 1524025036.2647185
1 9.975488696201687 0.8298333333333333 1524025036.314481
2 10.081323657336323 0.9695333333333334 1524025036.534863
1 10.013315234358078 0.8198333333333333 1524025036.6147282
2 10.082033191029042 0.9595333333333333 1524025036.8229234
1 10.048639331103558 0.8098333333333333 1524025036.9135916
2 9.882036242414333 0.9635666666666667 1524025037.1430092
1 9.938829455410751 0.8288333333333333 1524025037.2135868
2 10.188653979801861 0.9535666666666667 1524025037.441346
1 10.022028002928998 0.8188333333333333 1524025037.5086255
2 10.034189257834468 0.9435666666666667 1524025037.7332654
1 10.014780078110814 0.8088333333333333 1524025037.8110864
2 9.927331957830733 0.9492 1524025038.0318716
1 10.012598071270803 0.7988333333333333 1524025038.1107347
2 9.76140025586151 0.9542666666666667 1524025038.3726575
1 9.937761340174376 0.8189333333333333 1524025038.4203439
2 9.415239366544856 0.9588333333333333 1524025038.71595
1 9.892908129641615 0.8370333333333333 1524025038.7365127
1 10.005991015594436 0.8270333333333333 1524025039.0098805
2 8.920930893944451 0.9629333333333333 1524025039.076699
1 10.037363085965374 0.8170333333333333 1524025039.3081913
2 8.835275681382567 0.9666333333333333 1524025039.3911507
1 10.138483081270916 0.8070333333333334 1524025039.6048949
2 8.803682358569809 0.9699666666666666 1524025039.735321
1 9.989389453063515 0.8263 1524025039.9206514
2 9.30893901234296 0.9729666666666666 1524025040.002835
1 9.885622057850702 0.8436666666666667 1524025040.2225711
2 9.401727708804842 0.9756666666666667 1524025040.3517616
1 9.959299120976214 0.8593 1524025040.5207632
2 9.751474413557863 0.9781 1524025040.6314719
1 10.04682353520174 0.8493 1524025040.7997308
2 9.927148852361642 0.9802666666666666 1524025040.9446905
1 10.29580882619286 0.8393 1524025041.087412
2 9.88128856174888 0.9822333333333333 1524025041.216998
1 10.324396167554706 0.8293 1524025041.3845453
2 10.55074504492943 0.9722333333333333 1524025041.4880633
1 10.269578967745561 0.8193 1524025041.680327
2 10.003061328088988 0.9622333333333334 1524025041.8223996
1 10.175218616007312 0.8093 1524025041.9807272
2 10.104753527985427 0.9522333333333334 1524025042.1343415
1 10.068025622643585 0.7993 1524025042.2799969
2 9.954393420283493 0.957 1524025042.4228582
1 10.007837329074443 0.7893 1524025042.585097
2 9.41823771860122 0.9613 1524025042.7622972
1 9.885019335681614 0.8103666666666667 1524025042.8930645
2 9.898622546156167 0.9651666666666666 1524025043.0329804
1 9.868898425007053 0.8293 1524025043.1953108
2 9.645120653594134 0.9686333333333333 1524025043.37751
1 9.94066051010166 0.8463666666666667 1524025043.4930139
2 9.51231578274131 0.9717666666666667 1524025043.687266
1 10.107584033361801 0.8363666666666667 1524025043.7729135
2 9.507890733904938 0.9745666666666667 1524025044.0252278
1 10.266145740200102 0.8263666666666667 1524025044.062642
2 9.384538682893918 0.9771 1524025044.3110425
1 10.284494434081946 0.8163666666666667 1524025044.361312
2 9.473444017532184 0.9793666666666667 1524025044.644784
1 10.194139514480051 0.8063666666666667 1524025044.6651464
2 9.455644640057614 0.9814 1524025044.9560368
1 10.066003833089027 0.7963666666666667 1524025044.9823306
2 9.864442858592508 0.9832333333333333 1524025045.241511
1 9.929597888010736 0.8167 1524025045.2714937
1 9.998727831987164 0.835 1524025045.5607753
2 9.119806321560976 0.9849 1524025045.6277063
1 10.0514469482963 0.825 1524025045.858412
2 9.404466661446671 0.9864 1524025045.9184284
1 10.155130420169105 0.815 1524025046.1457863
2 9.161035569684646 0.9877333333333334 1524025046.2669706
1 10.25394633832192 0.805 1524025046.443956
2 9.155778916842833 0.9889333333333333 1524025046.553273
1 10.119394336118171 0.795 1524025046.7500598
2 9.63801768727231 0.9900333333333333 1524025046.8721473
1 10.053491626034475 0.785 1524025047.0506423
2 9.486360582497651 0.99 1524025047.1835682
1 9.858430895690685 0.8065 1524025047.361158
2 9.748987230936047 0.99 1524025047.4954586
1 9.829233202765208 0.8258333333333333 1524025047.663394
2 9.602571520214099 0.99 1524025047.8036807
1 9.845529589514307 0.8432333333333333 1524025047.968147
2 9.960763964728951 0.99 1524025048.0765376
1 9.924593005188914 0.8589 1524025048.2593932
2 10.093309436167235 0.98 1524025048.3724318
1 10.087076220823597 0.8489 1524025048.5512264
2 10.015169177232632 0.97 1524025048.691922
1 10.201982532072781 0.8389 1524025048.8395538
2 10.293176685074672 0.96 1524025048.9675765
1 10.21879008825643 0.8289 1524025049.1425908
2 9.630159410890492 0.964 1524025049.3252797
1 10.045373950238108 0.8189 1524025049.4537265
2 9.576593431786815 0.9676 1524025049.6258063
1 10.04879191899447 0.8089 1524025049.7504516
2 9.317941697906601 0.9708333333333333 1524025049.9800463
1 9.828775439092476 0.828 1524025050.0592446
2 9.274248155344745 0.9737333333333333 1524025050.2632627
1 9.880701098368885 0.8452 1524025050.3560214
1 10.103731189116338 0.8352 1524025050.6441422
2 9.086420091030046 0.9763333333333334 1524025050.6711857
1 10.04896739506902 0.8252 1524025050.9410706
2 9.133020432913717 0.9787 1524025050.9614253
1 10.112237964034524 0.8152 1524025051.2489262
2 9.320062669590234 0.9808 1524025051.2700326
1 10.053545031796295 0.8052 1524025051.5482717
2 8.775484116329778 0.9827 1524025051.6280684
1 9.972864184478045 0.8246666666666667 1524025051.8461888
2 9.47782329000127 0.9844 1524025051.9103851
1 9.980432543867147 0.8422 1524025052.143961
2 9.442049058977606 0.9859333333333333 1524025052.211908
1 10.104364428863613 0.8322 1524025052.432985
2 9.898271594007074 0.9873333333333333 1524025052.4797926
1 10.20751384311824 0.8222 1524025052.7257347
2 10.641366993340414 0.9773333333333334 1524025052.7559495
1 10.183366809381859 0.8122 1524025053.0274136
2 10.314378772516514 0.9673333333333334 1524025053.0725684
1 10.134683642787277 0.8022 1524025053.327667
2 10.313661609429245 0.9573333333333334 1524025053.3749404
1 10.097581897112692 0.7922 1524025053.6240733
2 9.810884508883365 0.9616 1524025053.7047114
1 9.975015673739872 0.8129666666666666 1524025053.9282296
2 9.41683391000486 0.9654333333333334 1524025054.0309296
1 9.983949694752598 0.8316666666666667 1524025054.229102
2 9.560007128044974 0.9688666666666667 1524025054.3278356
1 10.025285754399915 0.8216666666666667 1524025054.526262
2 9.60126689374683 0.9719666666666666 1524025054.625728
1 9.997758898879889 0.8395 1524025054.8235497
2 9.666872057443255 0.9747666666666667 1524025054.9464848
1 10.035127673363547 0.8295 1524025055.1241152
2 9.572748216935898 0.9772666666666666 1524025055.2837648
1 10.110887561199979 0.8195 1524025055.4119642
2 9.808069262296096 0.9795333333333334 1524025055.550985
1 10.076967273050858 0.8095 1524025055.7143288
2 9.7677936884906 0.9815666666666667 1524025055.8523629
1 10.074663195898136 0.7995 1524025056.0145183
2 9.918817553518 0.9834 1524025056.1547334
1 9.998056445267155 0.8195333333333333 1524025056.3248844
1 6 frame freq 1524025056.326534
2 9.582811388341359 0.9850333333333333 1524025056.5372066
1 12.574190178092925 0.8095333333333333 1524025056.6686146
2 9.040697129519094 0.9865 1524025056.8788323
1 17.262744995323462 0.7995333333333333 1524025057.0174017
2 8.687646896927893 0.9878333333333333 1524025057.2336693
1 16.893772216315895 0.7895333333333333 1524025057.3779724
2 8.898279221538976 0.9890333333333333 1524025057.5041192
1 16.994175048534164 0.7795333333333333 1524025057.7252593
2 9.440462144912148 0.9901 1524025057.8100598
2 6 frame freq 1524025057.8244855
1 16.990268798526884 0.7695333333333333 1524025058.0879145
2 13.322755853315359 0.9801 1524025058.1346254
1 16.590686888602924 0.7595333333333333 1524025058.4483194
2 15.84546856553382 0.9701 1524025058.5640295
1 16.44289025746825 0.7495333333333334 1524025058.814719
2 14.873735470462107 0.9601 1524025058.9425898
1 16.227344602769886 0.7395333333333334 1524025059.1883473
2 16.144580930740716 0.9501 1524025059.3089714
1 16.107746213875252 0.7295333333333334 1524025059.560704
2 16.361072630362735 0.9401 1524025059.6740744
1 15.95734600714845 0.7195333333333334 1524025059.9396772
2 15.536256834000826 0.9301 1524025060.0797238
1 15.712022825539153 0.7095333333333333 1524025060.324954
2 14.995294613754929 0.9201 1524025060.4761963
1 15.639406248255465 0.6995333333333333 1524025060.7086031
2 15.37533764424797 0.9101 1524025060.8620906
1 15.709177061373698 0.6895333333333333 1524025061.0872765
2 15.03460125445314 0.9001 1524025061.272532
1 15.471399350969874 0.6795333333333333 1524025061.4833338
2 15.386804624249791 0.8901 1524025061.6401303
1 15.217515988680564 0.6695333333333333 1524025061.876953
2 16.00871667267516 0.8801 1524025062.0237007
1 15.175264401687809 0.6595333333333333 1524025062.2751567
2 15.779634520001032 0.8701 1524025062.4013488
1 14.904443783507585 0.6495333333333333 1524025062.6815374
2 15.114687008996839 0.8601 1524025062.815874
1 14.50306133647089 0.6395333333333333 1524025063.1012495
2 15.203783078498743 0.8501 1524025063.1905968
1 14.314912837585279 0.6295333333333333 1524025063.5211635
2 16.26042565751902 0.8401 1524025063.5569074
1 14.1551151688306 0.6195333333333334 1524025063.9478366
2 15.534235044446287 0.8301 1524025063.9694767
1 13.919565241634043 0.6095333333333334 1524025064.3826847
2 14.231287043972474 0.8201 1524025064.4024808
2 14.595354122287318 0.8101 1524025064.7866864
1 13.677270929659288 0.5995333333333334 1524025064.826263
2 14.675981563843749 0.8001 1524025065.2156718
1 13.510316888820972 0.5895333333333334 1524025065.2709355
2 14.43014721279991 0.7901 1524025065.616595
1 13.36494640515176 0.5795333333333333 1524025065.7237124
2 14.70111278947651 0.7801 1524025066.0310163
1 13.372171441786309 0.5695333333333333 1524025066.1679535
2 14.554430049945472 0.7701 1524025066.4427974
1 13.359727899282667 0.5595333333333333 1524025066.6243196
2 14.037324946443231 0.7601 1524025066.8862607
1 12.945261040600501 0.5495333333333333 1524025067.0937421
2 13.948320429675881 0.7501 1524025067.3008292
1 12.562639274751099 0.5395333333333333 1524025067.5773442
2 14.331850093476204 0.7401 1524025067.7245677
1 12.412134208552796 0.5295333333333333 1524025068.0626662
2 14.344797176019844 0.7301 1524025068.138665
1 12.22886089278173 0.5195333333333333 1524025068.5577283
2 13.76728252650664 0.7201 1524025068.595215
2 13.545045892791915 0.7101 1524025069.0243568
1 11.83305553315777 0.5095333333333333 1524025069.0763512
2 13.90699199942312 0.7001 1524025069.459948
1 11.642610586513976 0.49953333333333333 1524025069.5892682
2 13.950128596183154 0.6901 1524025069.8840065
1 11.493898428033845 0.4895333333333333 1524025070.1186001
2 13.327066461233553 0.6801 1524025070.3583736
1 11.280733144433677 0.4795333333333333 1524025070.6582336
2 13.404092828564526 0.6701 1524025070.7810717
1 10.957582509066135 0.46953333333333336 1524025071.213049
2 13.214220086511641 0.6601 1524025071.266143
2 12.602876701583853 0.6501 1524025071.7312582
1 10.73111919077322 0.45953333333333335 1524025071.770658
2 13.526323358577343 0.6401 1524025072.1547136
1 10.56923106791309 0.44953333333333334 1524025072.350036
2 13.32103161014809 0.6301 1524025072.6316633
1 10.208627734721881 0.43953333333333333 1524025072.9454122
2 12.82487682406768 0.6201 1524025073.0898871
2 13.325235406542639 0.6101 1524025073.5346372
1 9.961854968148947 0.49556666666666666 1524025073.5562005
2 13.060358086713322 0.6001 1524025074.0082319
1 9.468866380804908 0.546 1524025074.2125418
2 12.637544670398436 0.5901 1524025074.4956696
1 10.336099658787438 0.536 1524025074.714842
2 12.686098137285745 0.5801 1524025074.9552824
1 12.145616568896207 0.526 1524025075.2028203
2 12.586137809951124 0.5701 1524025075.4377365
1 12.32453350038181 0.516 1524025075.694866
2 12.148187674858027 0.5601 1524025075.9415312
1 12.087122000916157 0.506 1524025076.1931827
2 11.955209769225148 0.5501 1524025076.4403837
1 11.837862051721403 0.496 1524025076.7029388
2 12.111490287094359 0.5401 1524025076.9325078
1 11.105417287173536 0.486 1524025077.2735794
2 11.585504568341202 0.5301 1524025077.4823647
1 10.602205311138565 0.476 1524025077.834877
2 11.53009990515206 0.5201 1524025077.9794219
1 10.783212696729633 0.466 1524025078.3951194
2 11.574350393515733 0.5101 1524025078.5133257
1 10.667100941142255 0.456 1524025078.9675677
2 11.60088542774485 0.5001 1524025079.00733
2 11.735376394792226 0.4901 1524025079.5446095
1 10.293115649918308 0.446 1524025079.5667155
2 11.298486745540966 0.4801 1524025080.069492
1 10.040880236850827 0.436 1524025080.153562
2 10.894990956215167 0.4701 1524025080.638271
1 9.985796008232608 0.4924 1524025080.7560575
2 10.535409961893059 0.4601 1524025081.2138066
1 10.49701121914575 0.4824 1524025081.3052716
2 10.707178150689568 0.4501 1524025081.7599955
1 10.808786427246018 0.4724 1524025081.864981
2 10.617158924447669 0.4401 1524025082.3403323
1 10.856454884366052 0.4624 1524025082.4167807
2 9.885278735096158 0.49606666666666666 1524025082.97306
1 10.79839519187509 0.4524 1524025082.9923818
2 9.967470202534408 0.5464333333333333 1524025083.5442374
1 10.239046130774637 0.4424 1524025083.5753393
2 11.1765690207045 0.5364333333333333 1524025084.0472221
1 10.068277392663587 0.4324 1524025084.167481
2 11.88601879009236 0.5264333333333333 1524025084.5605485
1 9.770593676288794 0.4891333333333333 1524025084.8015285
2 11.45931438255928 0.5164333333333333 1524025085.0926316
1 10.027147326669006 0.47913333333333336 1524025085.3671196
2 11.45140270041563 0.5064333333333333 1524025085.6292775
1 10.733804737653223 0.46913333333333335 1524025085.919265
2 10.872629200802432 0.49643333333333334 1524025086.1966934
1 10.726930653167763 0.45913333333333334 1524025086.4842515
2 10.253610644961915 0.48643333333333333 1524025086.772026
1 10.362298999656552 0.44913333333333333 1524025087.0779345
2 10.474069629747556 0.4764333333333333 1524025087.340027
1 10.034128222678104 0.4391333333333333 1524025087.6784933
2 11.002458607782536 0.4664333333333333 1524025087.8628972
1 9.969461474510766 0.4952 1524025088.2842977
2 10.810556446780557 0.45643333333333336 1524025088.4527338
1 10.481134449096647 0.4852 1524025088.823485
2 9.548891100192236 0.5107666666666667 1524025089.1174529
1 11.105760609928078 0.4752 1524025089.3634608
2 9.719385180099655 0.5596666666666666 1524025089.68872
1 10.857873951751504 0.4652 1524025089.9287994
2 10.909448658878823 0.5496666666666666 1524025090.2173727
1 10.522340809036688 0.4552 1524025090.502468
2 11.258089101422753 0.5396666666666666 1524025090.7513719
1 10.450326953922072 0.4452 1524025091.088278
2 11.129167592393543 0.5296666666666666 1524025091.2971015
1 10.238107715245539 0.4352 1524025091.6746893
2 11.204820668706335 0.5196666666666667 1524025091.8215053
1 10.071207080169044 0.4252 1524025092.2699025
2 11.42890361590107 0.5096666666666667 1524025092.3480294
2 11.805498160059559 0.49966666666666665 1524025092.8381433
1 9.868448290728866 0.4826666666666667 1524025092.891835
2 11.173433339546316 0.48966666666666664 1524025093.4198477
1 10.23729137002917 0.4726666666666667 1524025093.4405594
2 10.578523670469457 0.4796666666666667 1524025093.9762592
1 10.9770603533407 0.46266666666666667 1524025093.9977522
2 10.817117726089652 0.4696666666666667 1524025094.529423
1 10.764429127358708 0.45266666666666666 1524025094.5554845
2 10.627191578274951 0.45966666666666667 1524025095.1063101
1 10.41047099681659 0.44266666666666665 1524025095.1382377
2 10.342744861436529 0.44966666666666666 1524025095.6938598
1 10.240137134194635 0.43266666666666664 1524025095.7376616
2 10.743295704467775 0.43966666666666665 1524025096.2198548
1 9.832780871228847 0.4894 1524025096.3577945
2 10.621690784807676 0.42966666666666664 1524025096.8247428
1 10.301149402374682 0.4794 1524025096.8945549
1 11.117715871180808 0.4694 1524025097.4360073
2 9.578439745266808 0.4867 1524025097.4712958
1 11.085931813504429 0.4594 1524025097.9754426
2 10.049684558156299 0.4767 1524025098.0154102
2 11.237649953435453 0.4667 1524025098.5430996
1 10.528696094693046 0.4494 1524025098.5778449
2 10.696458851353194 0.4567 1524025099.1348476
1 10.100687060692701 0.4394 1524025099.1632476
2 10.161676440689119 0.4467 1524025099.7216144
1 10.25168040814191 0.4294 1524025099.7575815
2 10.311098132861959 0.4367 1524025100.300975
1 9.915330920210733 0.48643333333333333 1524025100.3727748
2 10.47227672202937 0.4267 1524025100.8683078
1 10.279283557607394 0.4764333333333333 1524025100.9156928
2 10.925348317111556 0.4167 1524025101.4009483
1 10.82853130032966 0.4664333333333333 1524025101.4830203
2 10.430978809354793 0.4067 1524025102.0159962
1 10.56119731545672 0.45643333333333336 1524025102.0497992
1 10.369478259923833 0.44643333333333335 1524025102.6406693
2 9.682558092628717 0.466 1524025102.6621513
2 9.938592944179831 0.5194 1524025103.224686
1 10.184808764950946 0.43643333333333334 1524025103.244728
2 4 frame freq 1524025103.2455049
2 7.690632834454317 0.5674333333333333 1524025103.6866975
1 9.987161669856244 0.4927666666666667 1524025103.8412666
1 4 frame freq 1524025103.8429468
2 8.564226181365967 0.6106666666666667 1524025104.1176376
1 7.5011530062205205 0.5434666666666667 1524025104.3401124
2 8.941392930115379 0.6496 1524025104.5657933
1 8.029756575878263 0.5891 1524025104.777454
2 9.175607713266473 0.6846333333333333 1524025104.9941545
1 8.860452683382583 0.6301666666666667 1524025105.1946988
2 9.546197923917688 0.7161666666666666 1524025105.3734243
1 9.5198002187904 0.6671333333333334 1524025105.5969539
2 9.946573290874385 0.7445333333333334 1524025105.7741175
1 10.131822619832723 0.6571333333333333 1524025105.9628384
2 10.382097278502018 0.7345333333333334 1524025106.150404
1 10.530618702118513 0.6471333333333333 1524025106.3342957
2 10.319223438052873 0.7245333333333334 1524025106.5348217
1 10.69832805301683 0.6371333333333333 1524025106.7174993
2 10.175645862101856 0.7145333333333334 1524025106.9524148
1 10.621606861467678 0.6271333333333333 1524025107.0938234
2 9.795564684636087 0.7430666666666667 1524025107.3777595
1 10.312006030812869 0.6171333333333333 1524025107.4980042
2 9.959573779179856 0.7687333333333334 1524025107.7400038
1 10.22462657508371 0.6071333333333333 1524025107.8912241
2 10.525156055623963 0.7587333333333334 1524025108.0914192
1 9.961473498421677 0.6464 1524025108.2977977
2 11.096559560106249 0.7487333333333334 1524025108.4575896
1 10.040056262239924 0.6364 1524025108.6995277
2 10.717103992993204 0.7387333333333334 1524025108.8612008
1 9.934396777179836 0.6727333333333333 1524025109.100612
2 10.306032214883771 0.7287333333333333 1524025109.261547
1 10.289438281747394 0.6627333333333333 1524025109.4616911
2 9.802934679767002 0.7558333333333334 1524025109.6821728
1 10.505182300703947 0.6527333333333334 1524025109.8375733
2 10.031595263689002 0.7458333333333333 1524025110.0574698
1 10.784158741653258 0.6427333333333334 1524025110.2136786
2 10.059152636787214 0.7358333333333333 1524025110.4488468
1 10.653261219436786 0.6327333333333334 1524025110.589214
2 10.314294849176509 0.7258333333333333 1524025110.844147
1 10.593179737391287 0.6227333333333334 1524025110.9722757
2 9.973985705476224 0.7532333333333333 1524025111.2597575
1 10.360399280414729 0.6127333333333334 1524025111.3714705
2 10.34973338684018 0.7432333333333333 1524025111.6104743
1 10.202531848480053 0.6027333333333333 1524025111.766431
2 10.305414233925598 0.7332333333333333 1524025112.0084004
1 9.996988330030801 0.6424333333333333 1524025112.1719625
2 10.463098560391177 0.7232333333333333 1524025112.4056275
1 10.139802966527277 0.6324333333333333 1524025112.5524528
2 10.106546435703606 0.7132333333333334 1524025112.7968242
1 10.238603625890997 0.6224333333333333 1524025112.939061
2 10.170404468049119 0.7032333333333334 1524025113.1892357
1 10.275430713361931 0.6124333333333334 1524025113.335437
2 9.977487597572601 0.7329 1524025113.6081657
1 10.199502978845501 0.6024333333333334 1524025113.7297006
2 10.027956042490818 0.7229 1524025113.992009
1 9.928575549141648 0.6421666666666667 1524025114.1462953
2 9.88465312474343 0.7506 1524025114.4057133
1 10.037622485379917 0.6321666666666667 1524025114.5345824
2 10.085344348261772 0.7406 1524025114.7981076
1 10.057359729069029 0.6221666666666666 1524025114.9217913
2 10.140398059301821 0.7306 1524025115.1761832
1 10.310190234911053 0.6121666666666666 1524025115.309184
2 10.411813770256593 0.7206 1524025115.556419
1 10.186899219056405 0.6021666666666666 1524025115.7099173
2 10.225938830945527 0.7106 1524025115.973518
1 10.022569689941719 0.5921666666666666 1524025116.120998
2 10.120317492858163 0.7006 1524025116.3609967
1 9.806619677332455 0.6329333333333333 1524025116.533016
2 9.732973131785126 0.7305333333333334 1524025116.7872875
1 9.866922411819775 0.6696333333333333 1524025116.92683
2 9.905214343043452 0.7574666666666666 1524025117.1853585
1 10.306482349161953 0.6596333333333333 1524025117.2856135
2 10.20311931186006 0.7474666666666666 1524025117.5395055
1 10.628656422027682 0.6496333333333333 1524025117.66458
2 10.066263232503575 0.7374666666666667 1524025117.980706
1 10.732828175151404 0.6396333333333334 1524025118.044145
2 9.88684276097798 0.7637 1524025118.3969288
1 10.430383716580243 0.6296333333333334 1524025118.4348903
2 9.769800219256055 0.7873 1524025118.7678258
1 10.194620166336406 0.6196333333333334 1524025118.842001
2 10.538904224594877 0.7773 1524025119.1192331
1 10.076219592385401 0.6096333333333334 1524025119.2355917
2 10.655344044147702 0.7673 1524025119.5231817
1 10.009180102514444 0.5996333333333334 1524025119.634254
2 10.219820056520073 0.7573 1524025119.9398634
1 9.954431567256215 0.6396666666666667 1524025120.0461862
2 9.88146403782343 0.7815666666666666 1524025120.335612
1 10.015375170885362 0.6296666666666667 1524025120.4375722
2 10.114305529956347 0.7715666666666666 1524025120.709122
1 10.172937427038212 0.6196666666666667 1524025120.8140602
2 10.21690562780371 0.7615666666666666 1524025121.1146936
1 10.287866626471033 0.6096666666666667 1524025121.211684
2 10.361177478658366 0.7515666666666667 1524025121.4923656
1 10.153139148192736 0.5996666666666667 1524025121.615541
2 10.15555766626366 0.7415666666666667 1524025121.8931851
1 10.031366381852642 0.5896666666666667 1524025122.0142143
2 10.298433337916503 0.7315666666666667 1524025122.2797368
1 9.842271838043398 0.6307 1524025122.429882
2 10.205362353856426 0.7215666666666667 1524025122.6666272
1 9.99839976802171 0.6676 1524025122.8137949
2 10.276811633774667 0.7115666666666667 1524025123.0596426
1 10.221872363652796 0.6576 1524025123.1845975
2 10.066911731039939 0.7015666666666667 1524025123.4728017
1 10.645898853700428 0.6476 1524025123.5596588
2 10.127069507030901 0.6915666666666667 1524025123.851849
1 10.690668140893187 0.6376 1524025123.937742
2 10.061662707592669 0.6815666666666667 1524025124.2512958
1 10.43605998612207 0.6276 1524025124.334049
2 10.161569629165472 0.6715666666666666 1524025124.6545527
1 10.313409839409236 0.6176 1524025124.723656
2 9.979127917399872 0.7044 1524025125.0544367
1 10.150903735590926 0.6076 1524025125.1194544
2 9.992708239690785 0.7339333333333333 1524025125.4525023
1 10.174531970498208 0.5976 1524025125.5123067
2 10.083383593863598 0.7239333333333333 1524025125.8439577
1 9.918230090138001 0.6378333333333334 1524025125.9321616
2 10.06545451668176 0.7139333333333333 1524025126.247685
1 10.018625292961726 0.6278333333333334 1524025126.3189924
2 10.025354418950817 0.7039333333333333 1524025126.6488483
1 10.070474658292667 0.6178333333333333 1524025126.70521
2 9.847818407877938 0.7335333333333334 1524025127.0617115
1 10.345758472281995 0.6078333333333333 1524025127.0913138
2 9.749460253397856 0.7601666666666667 1524025127.4787407
1 10.246301684987358 0.5978333333333333 1524025127.5001037
2 10.161729846450926 0.7501666666666666 1524025127.8344138
1 10.017671618643536 0.5878333333333333 1524025127.9047787
2 10.278764758778305 0.7401666666666666 1524025128.2290103
1 9.755083117177872 0.6290333333333333 1524025128.3236225
2 10.646333729189518 0.7301666666666666 1524025128.6038027
1 9.814172777932459 0.6661 1524025128.7118118
2 10.416376148194777 0.7201666666666666 1524025128.9839046
1 10.102556262356334 0.6561 1524025129.0926163
2 10.39065745918203 0.7101666666666666 1524025129.3842182
1 10.42527202223478 0.6461 1524025129.471853
2 10.062036547925395 0.7001666666666667 1524025129.797561
1 10.513986622009405 0.6361 1524025129.8526545
2 9.727296862243298 0.7301333333333333 1524025130.2157345
1 10.451067005192987 0.6261 1524025130.238959
2 9.763780626959687 0.7571 1524025130.6169925
1 10.346048389274726 0.6161 1524025130.6557193
2 10.009782824683539 0.7471 1524025130.9960463
1 10.133783374230909 0.6061 1524025131.0376134
2 10.317392383361966 0.7371 1524025131.3791735
1 9.979944262616236 0.6454666666666666 1524025131.4421027
2 10.34111980039835 0.7271 1524025131.7745473
1 10.033311877461728 0.6354666666666666 1524025131.8296976
2 10.264520679161931 0.7171 1524025132.1676376
1 10.152673755125463 0.6254666666666666 1524025132.2227514
2 10.241533313396447 0.7071 1524025132.550936
1 10.192552600414595 0.6154666666666667 1524025132.6183403
2 10.566087757360354 0.6971 1524025132.9084282
1 10.135484729214545 0.6054666666666667 1524025133.0119958
2 10.51768687836395 0.6871 1524025133.3070235
1 9.988077197201703 0.6449 1524025133.421141
2 10.439050708783881 0.6771 1524025133.7105927
1 10.190691028145496 0.6349 1524025133.797875
2 10.25155833782919 0.6671 1524025134.0786424
1 10.275079761212837 0.6249 1524025134.1799757
2 10.356126819469278 0.6571 1524025134.464681
1 10.370164905432915 0.6149 1524025134.5763767
2 10.369348560216562 0.6471 1524025134.8590539
1 10.110490832683617 0.6049 1524025134.984513
2 9.797922167550631 0.6823666666666667 1524025135.3048441
1 9.967729601948953 0.6444 1524025135.3836203
2 9.60762980879775 0.7141 1524025135.7134702
1 10.134317431849091 0.6344 1524025135.762651
2 9.60105327069956 0.7426666666666667 1524025136.1073136
1 10.27578929490557 0.6244 1524025136.15243
2 10.226655994032809 0.7326666666666667 1524025136.4796267
1 10.32963756160743 0.6144 1524025136.5493634
2 10.512353931576676 0.7226666666666667 1524025136.8549314
1 10.164835010030934 0.6044 1524025136.9406838
2 10.64956859247679 0.7126666666666667 1524025137.2342045
1 9.970171008203499 0.6439333333333334 1524025137.354308
2 10.481927906129382 0.7026666666666667 1524025137.6230607
1 10.13302043477636 0.6339333333333333 1524025137.7305336
2 10.245134387621906 0.6926666666666667 1524025138.0282845
1 10.251962695740092 0.6239333333333333 1524025138.1145806
2 10.04679301762356 0.6826666666666666 1524025138.4285882
1 10.457460437822089 0.6139333333333333 1524025138.501249
2 9.837846789207024 0.7144 1524025138.8428311
1 10.310731921923788 0.6039333333333333 1524025138.8941545
2 9.9316044187762 0.7429333333333333 1524025139.2362578
1 10.219347034058254 0.5939333333333333 1524025139.2889168
2 10.08119395762904 0.7329333333333333 1524025139.621624
1 10.042581591834471 0.5839333333333333 1524025139.6983695
2 10.294061694841947 0.7229333333333333 1524025140.0069804
1 9.834505114396114 0.6255333333333334 1524025140.114179
2 10.261133227983747 0.7129333333333333 1524025140.404237
1 9.764925036141515 0.6629666666666667 1524025140.5143833
2 10.230905566794625 0.7029333333333333 1524025140.7923722
1 9.950922045765305 0.6966666666666667 1524025140.9033177
2 10.320192371160154 0.6929333333333333 1524025141.172409
1 10.37209514225293 0.6866666666666666 1524025141.2748454
2 10.483758960820285 0.6829333333333333 1524025141.549023
1 10.698320423622286 0.6766666666666666 1524025141.6371372
2 10.451822315252988 0.6729333333333334 1524025141.9401186
1 10.907228505066092 0.6666666666666666 1524025142.0054364
2 10.085123095819956 0.6629333333333334 1524025142.368175
1 10.881197010876976 0.6566666666666666 1524025142.395716
1 10.76468852677325 0.6466666666666666 1524025142.751901
2 9.644281420194146 0.6966333333333333 1524025142.7927847
1 10.535394703103973 0.6366666666666667 1524025143.142146
2 9.730897936468757 0.7269666666666666 1524025143.1730072
1 10.29165843556013 0.6266666666666667 1524025143.5396228
2 9.97823527823805 0.7542666666666666 1524025143.564323
2 10.57409862163309 0.7442666666666666 1524025143.9305017
1 10.187616382143675 0.6166666666666667 1524025143.9654953
2 10.454584156078447 0.7342666666666666 1524025144.3213277
1 10.11719707048908 0.6066666666666667 1524025144.3413029
2 10.780176197700529 0.7242666666666666 1524025144.6754718
1 10.078332934674494 0.5966666666666667 1524025144.7305472
2 10.407457385971139 0.7142666666666667 1524025145.083089
1 9.826532397096113 0.637 1524025145.1520941
2 10.44724467852571 0.7042666666666667 1524025145.4712808
1 9.979867968670778 0.6733 1524025145.5337822
2 9.975610766514416 0.7338333333333333 1524025145.8796978
1 10.27216533249647 0.6633 1524025145.900083
2 10.441736255663887 0.7238333333333333 1524025146.230503
1 10.690416370873193 0.6533 1524025146.2730582
2 10.62465098989131 0.7138333333333333 1524025146.6004448
1 10.72759441049321 0.6433 1524025146.65018
2 10.641206776054958 0.7038333333333333 1524025147.0092564
1 10.581750904362183 0.6333 1524025147.0364819
2 10.387407337105657 0.6938333333333333 1524025147.384514
1 10.5610447275658 0.6233 1524025147.4093032
2 10.197145495930963 0.6838333333333333 1524025147.7749333
1 10.43132213210933 0.6133 1524025147.7990448
1 10.395448718956581 0.6033 1524025148.187109
2 10.090211901981787 0.6738333333333333 1524025148.2084358
1 10.170839343538207 0.5933 1524025148.589431
2 9.911050829870726 0.7064333333333334 1524025148.6117644
1 10.016435656727179 0.5833 1524025148.9964964
2 9.658418688286881 0.7357666666666667 1524025149.0181744
2 9.944253954932575 0.7621666666666667 1524025149.403751
1 9.884286913805242 0.6249666666666667 1524025149.4234388
2 10.02248576660172 0.7521666666666667 1524025149.7958958
1 9.89772227759981 0.6624666666666666 1524025149.8188121
2 10.551439319833076 0.7421666666666666 1524025150.1564093
1 10.181116137990948 0.6524666666666666 1524025150.1759481
2 10.558641468283984 0.7321666666666666 1524025150.539187
1 10.321954761300148 0.6424666666666666 1524025150.5634089
2 10.251184497496462 0.7221666666666666 1524025150.9651468
1 10.286951099125575 0.6324666666666666 1524025150.9863553
2 10.170534167756392 0.7121666666666666 1524025151.3376994
1 10.139993701390914 0.6224666666666666 1524025151.3650374
2 10.29580119679832 0.7021666666666667 1524025151.7042387
1 10.114732776050893 0.6124666666666667 1524025151.7513678
1 10.202592883636415 0.6024666666666667 1524025152.145818
2 10.11560252702907 0.6921666666666667 1524025152.166183
1 10.164484057881845 0.5924666666666667 1524025152.5402336
2 9.665124926092336 0.7229333333333333 1524025152.577135
2 9.672288927570522 0.7506333333333334 1524025152.9477735
1 9.898920092543447 0.6332 1524025152.9698918
2 10.211458240098239 0.7406333333333334 1524025153.3251805
1 9.92075541973255 0.6698666666666667 1524025153.353664
2 10.692819630155007 0.7306333333333334 1524025153.698893
1 10.106767688145437 0.6598666666666667 1524025153.7300837
2 10.497316394927571 0.7206333333333333 1524025154.09034
1 10.376993213551112 0.6498666666666667 1524025154.1193063
1 10.551981006845805 0.6398666666666667 1524025154.4913583
2 10.261529956500105 0.7106333333333333 1524025154.5137143
1 10.503435169353029 0.6298666666666667 1524025154.8692636
2 9.65744212578506 0.7395666666666667 1524025154.941581
1 10.46450236898755 0.6198666666666667 1524025155.2642384
2 9.79658702350517 0.7656 1524025155.313484
1 10.241434131267363 0.6098666666666667 1524025155.663505
2 10.137178454803633 0.7556 1524025155.6853435
1 10.088396106079959 0.5998666666666667 1524025156.061589
2 10.54539683935306 0.7456 1524025156.0822403
1 10.011690173319904 0.5898666666666667 1524025156.4644902
2 10.400667224825678 0.7356 1524025156.4847765
2 10.280778918938305 0.7256 1524025156.8455248
1 9.975557360752589 0.6308666666666667 1524025156.871383
1 10.065012011798125 0.6208666666666667 1524025157.251776
