2 4 1524025382.2102773
1 4 1524025382.8585913
2 8.912515671760813 0.99 1524025383.5742495
2 10.031251940934462 0.99 1524025383.846413
1 10.367685352205653 0.99 1524025384.0363944
2 10.387575183785662 0.99 1524025384.135097
1 10.71915630012594 0.99 1524025384.308516
2 10.097307238909066 0.99 1524025384.495026
1 11.21107677223361 0.98 1524025384.573338
2 10.12568095722363 0.99 1524025384.7599945
1 11.13397411095719 0.97 1524025384.8480968
2 9.625322374748675 0.99 1524025385.0934994
1 11.02351573672801 0.96 1524025385.1303952
2 9.550905260352241 0.99 1524025385.39142
1 11.028612172284372 0.95 1524025385.4111705
1 10.888902699367899 0.95 1524025385.6754663
2 9.736215624466938 0.99 1524025385.7265992
1 10.911356007515181 0.95 1524025385.9500835
2 9.5629978507068 0.99 1524025386.0176356
1 10.915018116897013 0.95 1524025386.224555
2 9.977533373939867 0.99 1524025386.2959063
1 10.836160694875126 0.95 1524025386.5026872
2 10.132768664756355 0.99 1524025386.573973
1 10.876909291142436 0.95 1524025386.7773368
2 10.671587025134995 0.99 1524025386.8498113
1 10.864069020122422 0.95 1524025387.0539842
2 10.609750782344033 0.99 1524025387.1476243
1 10.890840565582447 0.95 1524025387.326533
2 10.09435466321997 0.99 1524025387.4871316
1 10.876558338993343 0.95 1524025387.6078427
2 9.93775371077984 0.99 1524025387.7870722
1 10.940965687746127 0.95 1524025387.87548
2 9.804582628988822 0.99 1524025388.0739048
1 10.867837941027883 0.95 1524025388.1570342
2 9.376817735613924 0.99 1524025388.4265685
1 10.797723805155089 0.95 1524025388.4485912
1 10.843492543033308 0.95 1524025388.7145197
2 9.755304369619683 0.99 1524025388.7355127
2 9.924966845521642 0.99 1524025388.9933553
1 10.712251698062298 0.95 1524025389.0178661
2 10.011858019999904 0.99 1524025389.2738342
1 10.712396656558656 0.95 1524025389.2967346
1 10.809885060060559 0.95 1524025389.5487218
2 10.295694385274674 0.99 1524025389.5910292
1 10.761507069247786 0.95 1524025389.8312666
2 10.169366870390931 0.99 1524025389.894894
1 10.781549488718714 0.95 1524025390.1076787
2 10.125383410836353 0.99 1524025390.176061
1 10.880861317516983 0.95 1524025390.3813484
2 9.720994982348744 0.99 1524025390.5089965
1 10.9246158952352 0.95 1524025390.6489859
2 9.860101733096135 0.99 1524025390.8108385
1 10.937524830806117 0.95 1524025390.9267333
2 9.768907580094245 0.99 1524025391.122627
1 11.057291066380767 0.94 1524025391.1929393
2 9.800867113845174 0.99 1524025391.4014459
1 11.008150136113455 0.93 1524025391.4717546
2 10.196535144367326 0.99 1524025391.6836565
1 10.820497547873291 0.93 1524025391.7554913
2 10.022935900879906 0.99 1524025392.0075715
1 10.846498524484224 0.93 1524025392.0330844
2 10.094095263805416 0.99 1524025392.3143015
1 10.578348194394914 0.93 1524025392.3395603
2 10.102571521145427 0.99 1524025392.5885816
1 10.58075145367673 0.93 1524025392.608087
1 10.61158183703494 0.93 1524025392.888969
2 9.66623118830143 0.99 1524025392.9245813
1 10.544176136225797 0.93 1524025393.1680655
2 10.088754687623599 0.99 1524025393.1956253
1 10.668504749738629 0.93 1524025393.4529538
2 10.391885791703846 0.99 1524025393.4736435
1 10.66854289671135 0.93 1524025393.7312548
2 9.598825487492283 0.99 1524025393.8466916
1 10.673761402580444 0.93 1524025394.0094082
2 10.027475390634459 0.99 1524025394.123969
1 10.760995899813244 0.93 1524025394.286986
2 9.391916307419386 0.99 1524025394.47268
1 10.786417042438725 0.93 1524025394.5677383
2 9.387231859168475 0.99 1524025394.7444532
1 10.720918690265933 0.93 1524025394.8482993
2 10.079828296005413 0.99 1524025395.030024
1 10.713441883611393 0.93 1524025395.130333
2 9.432428392455776 0.99 1524025395.3966792
1 10.686372791764098 0.93 1524025395.4212675
2 9.98617747795987 0.99 1524025395.6766665
1 10.714571034004118 0.93 1524025395.7031422
2 9.990808520448974 0.99 1524025395.9456637
1 10.783571278273266 0.93 1524025395.9660146
1 10.827547108433299 0.93 1524025396.2435093
2 9.722993883719653 0.99 1524025396.2704067
1 10.740465199091409 0.93 1524025396.5296278
2 9.875993761934334 0.99 1524025396.610142
1 10.732744251811402 0.93 1524025396.8039918
2 9.795732531316085 0.99 1524025396.9021122
1 10.657136951865892 0.93 1524025397.0897107
2 9.820009264759742 0.99 1524025397.169118
1 10.62298778188041 0.93 1524025397.3671002
2 9.606210741412296 0.99 1524025397.5123332
1 10.747911488167778 0.93 1524025397.6429274
2 9.896966967539802 0.99 1524025397.821132
1 10.755769764549608 0.93 1524025397.9245822
2 10.065088305743577 0.99 1524025398.0920038
1 10.720811878742301 0.93 1524025398.2079132
2 9.947664294294388 0.99 1524025398.3763623
1 10.731988941751398 0.93 1524025398.48835
2 10.00718883053808 0.99 1524025398.7136755
1 10.700250660442281 0.93 1524025398.7654042
1 10.701234852338649 0.93 1524025399.0418992
2 9.708124193750562 0.99 1524025399.0614734
1 10.827066456576937 0.93 1524025399.3152218
2 9.699411425179642 0.99 1524025399.3350651
1 10.870225941520605 0.93 1524025399.589525
2 9.163446458361017 0.99 1524025399.684942
1 10.888940846340617 0.93 1524025399.8650076
2 9.600214037299564 0.99 1524025399.9645925
1 10.890337025542449 0.93 1524025400.1447883
2 9.625307115959574 0.99 1524025400.3077073
1 10.816896473647839 0.93 1524025400.425627
2 9.651231798625059 0.99 1524025400.57229
1 10.824838673369662 0.93 1524025400.6968899
2 10.320611987860147 0.99 1524025400.8459985
1 10.818101917986025 0.93 1524025400.9738703
2 9.707132372459643 0.99 1524025401.19836
1 10.741205250362325 0.93 1524025401.2597678
2 10.16698649929276 0.99 1524025401.4868093
1 10.825731312531477 0.93 1524025401.534928
1 10.791734730436907 0.93 1524025401.813588
2 9.610429796595927 0.99 1524025401.8364239
1 10.703722034960474 0.93 1524025402.0964165
2 9.379724534935733 0.99 1524025402.1261072
1 10.73731425914414 0.93 1524025402.376698
2 9.940904650727118 0.99 1524025402.407261
1 10.707826649225934 0.93 1524025402.6539328
2 9.993471179145342 0.99 1524025402.6866558
1 10.676370655514997 0.93 1524025402.934563
2 10.049448046925379 0.99 1524025403.0165064
1 10.686235462662273 0.93 1524025403.21858
2 9.891725573487065 0.99 1524025403.3411627
1 10.74704173718959 0.93 1524025403.494972
2 9.478204759728552 0.99 1524025403.6699154
1 10.649675404000428 0.93 1524025403.7798228
2 9.453546556557622 0.99 1524025403.9543035
1 10.709909473936834 0.93 1524025404.0536678
2 9.903276476828896 0.99 1524025404.2279408
1 10.719972645342297 0.93 1524025404.3369327
2 9.52585032866495 0.99 1524025404.6015003
1 10.715005909493211 0.93 1524025404.6250942
1 10.796640431129635 0.93 1524025404.8931787
2 9.733293566356027 0.99 1524025404.9135056
1 10.797487293924183 0.93 1524025405.1665652
2 9.753870043445142 0.99 1524025405.1859932
1 10.827524220249659 0.93 1524025405.445587
2 9.37998393435028 0.99 1524025405.5051992
1 10.852815663167872 0.93 1524025405.7255795
2 10.1185779909018 0.99 1524025405.785505
1 10.80433849022601 0.93 1524025406.0028088
2 9.811014208590636 0.99 1524025406.1292138
1 10.791780506804185 0.93 1524025406.2792068
2 9.269289048890194 0.99 1524025406.4795063
1 10.831415211467855 0.93 1524025406.5527964
2 9.287378343357478 0.99 1524025406.7979636
1 10.77190593401326 0.93 1524025406.8343756
2 9.080575974808216 0.99 1524025407.1073024
1 10.82644084622421 0.93 1524025407.1278536
2 9.533350023503143 0.99 1524025407.3867042
1 10.72546580941503 0.93 1524025407.4071684
1 10.612924610474941 0.93 1524025407.6855264
2 9.60563853682138 0.99 1524025407.7301357
1 10.664194141820436 0.93 1524025407.9624164
2 9.969629321190766 0.99 1524025408.0020797
1 10.745843922245966 0.93 1524025408.227337
2 9.839334521143398 0.99 1524025408.3255365
1 10.867967640735158 0.93 1524025408.5013533
2 9.746255907688765 0.99 1524025408.6162448
1 11.042604481880748 0.92 1524025408.7696202
2 9.789178881401531 0.99 1524025408.9553065
1 10.96315959647887 0.92 1524025409.052431
2 9.802721056719731 0.99 1524025409.22886
1 10.805795704584193 0.92 1524025409.3396676
2 9.398889574033934 0.99 1524025409.6023965
1 10.743280445678689 0.92 1524025409.6233299
1 10.528375660122146 0.92 1524025409.909207
2 8.97740367236995 0.99 1524025409.9528925
1 10.48879436122029 0.92 1524025410.2004116
2 9.466432603944906 0.99 1524025410.2293081
1 10.52851298922396 0.92 1524025410.4777944
2 9.047098191542737 0.99 1524025410.5531929
1 10.544115101069426 0.92 1524025410.7569938
2 9.338090928901162 0.99 1524025410.8904533
1 10.712976490544111 0.92 1524025411.0323403
2 9.832361254528836 0.99 1524025411.1734753
1 10.735681568711405 0.92 1524025411.313552
2 9.823373827754287 0.99 1524025411.444036
1 10.77355388323507 0.92 1524025411.5912821
2 9.611085924526838 0.99 1524025411.8004959
1 10.799440418927821 0.92 1524025411.8675737
2 9.544488939539518 0.99 1524025412.1473083
1 10.74844554578596 0.92 1524025412.1731217
1 10.801668202135103 0.92 1524025412.4260523
2 9.390604051557562 0.99 1524025412.4520438
1 10.831056629924213 0.92 1524025412.700737
2 8.891321213713523 0.99 1524025412.7931333
1 10.724992786953209 0.92 1524025412.988203
2 9.06259349186457 0.99 1524025413.1241581
1 10.696153675571368 0.92 1524025413.2681184
2 9.61033061446684 0.99 1524025413.3943994
1 10.592248951256735 0.92 1524025413.5585508
2 9.887056384025254 0.99 1524025413.668591
1 10.559907947778537 0.92 1524025413.838268
2 10.166605029565478 0.99 1524025413.9753304
1 10.618349109996768 0.92 1524025414.1180727
2 9.967363391010768 0.99 1524025414.3287556
1 10.567422901405815 0.92 1524025414.4040058
2 9.959917101934396 0.99 1524025414.597923
1 10.71465495734412 0.92 1524025414.6771154
2 9.452783617103078 0.99 1524025414.936392
1 10.68962291384046 0.92 1524025414.9584713
2 9.741228136683317 0.99 1524025415.208534
1 10.599390064551297 0.92 1524025415.2496538
2 10.452432666816632 0.99 1524025415.4769359
1 10.722238575522306 0.92 1524025415.5249994
2 10.199075732750961 0.99 1524025415.774566
1 10.664011036351347 0.92 1524025415.803255
2 10.607240711538577 0.99 1524025416.0655687
1 10.624696766258582 0.92 1524025416.0868874
1 10.672327076405894 0.92 1524025416.3731658
2 10.112489734054526 0.99 1524025416.394252
1 10.625558887842226 0.92 1524025416.6529567
2 9.997530017043527 0.99 1524025416.6781468
1 10.660524403044064 0.92 1524025416.9282768
2 9.888391528070699 0.99 1524025416.9877536
1 10.772653614678708 0.92 1524025417.2034395
2 9.6746845574578 0.99 1524025417.3060877
1 10.832315480024217 0.92 1524025417.4856758
2 9.870775256065237 0.99 1524025417.607956
1 10.854410206627868 0.92 1524025417.7580395
2 9.765268358896053 0.99 1524025417.9066484
1 10.808420216307828 0.92 1524025418.0402846
2 10.047822985887203 0.99 1524025418.1848223
1 10.784082447707807 0.92 1524025418.3160129
2 10.441568408983885 0.99 1524025418.4551497
1 10.746400868047772 0.92 1524025418.5970178
2 9.906473193143452 0.99 1524025418.819493
1 10.701257740522289 0.92 1524025418.879943
2 9.810968432223374 0.99 1524025419.1288645
1 10.726160084318677 0.92 1524025419.158886
1 10.747316395393227 0.92 1524025419.431909
2 9.20448497162105 0.99 1524025419.4867961
1 10.805238758782377 0.92 1524025419.7080562
2 9.056200059235465 0.99 1524025419.7813504
1 10.835794483936949 0.92 1524025419.9881659
2 9.707124743065105 0.99 1524025420.0551758
1 10.683008228769543 0.92 1524025420.2818425
2 9.71322062930693 0.99 1524025420.3638027
1 10.701997791793191 0.92 1524025420.5511808
2 10.10437205825816 0.99 1524025420.674048
1 10.649927174020428 0.92 1524025420.8340373
2 9.66064647149415 0.99 1524025421.0244465
1 10.685693775649547 0.92 1524025421.112286
2 9.701158556530556 0.99 1524025421.2930489
1 10.835969960011491 0.92 1524025421.389993
2 9.365419420162999 0.99 1524025421.6456609
1 10.794023548800542 0.92 1524025421.6654801
1 10.832513844282397 0.92 1524025421.9434564
2 9.203866990662865 0.99 1524025421.9778314
1 10.742288624387779 0.92 1524025422.2276156
2 9.207635911568323 0.99 1524025422.3266566
1 10.752115284562326 0.92 1524025422.5056334
2 9.187730821199217 0.99 1524025422.5997555
1 10.714532887031387 0.92 1524025422.7842882
2 9.31614879018841 0.99 1524025422.9337363
1 10.768602406175063 0.92 1524025423.057238
2 9.78236583207243 0.99 1524025423.2036042
1 10.782136952098714 0.92 1524025423.340421
2 10.332101856045615 0.99 1524025423.4869199
1 10.783906971633261 0.92 1524025423.6170387
2 9.694833788452364 0.99 1524025423.8375945
1 10.813913380380564 0.92 1524025423.8948736
2 10.24189952433463 0.99 1524025424.1073322
1 10.685602222914994 0.92 1524025424.1799142
2 10.002450976525338 0.99 1524025424.405941
1 10.744226490602317 0.92 1524025424.45627
1 10.758157765042327 0.92 1524025424.7337642
2 9.538904222732238 0.99 1524025424.7538157
1 10.716043507151387 0.92 1524025425.0165758
2 10.008775744603534 0.99 1524025425.0386753
1 10.78850749654417 0.92 1524025425.2915542
2 9.479951891079452 0.99 1524025425.3720183
1 10.800310169906002 0.92 1524025425.5693724
2 8.978258164559037 0.99 1524025425.7412295
1 10.807542835935104 0.92 1524025425.8459084
2 9.468599351995808 0.99 1524025426.0122225
1 10.802309071276918 0.92 1524025426.1292405
2 9.073579820010032 0.99 1524025426.3576531
1 10.776857411073264 0.92 1524025426.4078279
2 9.407434495924855 0.99 1524025426.6480153
1 10.759790455475068 0.92 1524025426.6841815
1 10.684808765882272 0.92 1524025426.9673483
2 9.64231303640141 0.99 1524025426.9911354
1 10.691881214625909 0.92 1524025427.2466912
2 9.468828233832175 0.99 1524025427.279868
1 10.766031300213244 0.92 1524025427.519873
2 9.573328050921353 0.99 1524025427.610899
1 10.799089466778737 0.92 1524025427.7936902
2 9.322732957681152 0.99 1524025427.9330587
1 10.832155262738763 0.92 1524025428.073833
2 9.668634447583248 0.99 1524025428.2265303
1 10.818681751971472 0.92 1524025428.3581831
2 9.43761638074669 0.99 1524025428.5535054
1 10.84505656891513 0.92 1524025428.6263652
2 9.896196398690705 0.99 1524025428.8234584
1 10.875696217409708 0.92 1524025428.8967755
1 10.886949574364255 0.92 1524025429.1782658
2 9.524423631884943 0.99 1524025429.2031095
1 10.828172718786025 0.92 1524025429.4638183
2 9.559762987419523 0.99 1524025429.4827292
1 10.805467640618732 0.92 1524025429.737398
2 9.628519091063213 0.99 1524025429.7989442
1 10.812570606940556 0.92 1524025430.0091963
2 9.678117785003261 0.99 1524025430.0675766
1 10.82769206692966 0.92 1524025430.2832341
2 10.406114612531127 0.99 1524025430.3465579
1 10.926141774144291 0.92 1524025430.5685563
2 10.051294360405391 0.99 1524025430.6747065
1 10.821977650415107 0.92 1524025430.8444154
2 10.292680774429227 0.99 1524025430.9632256
1 10.689271961691365 0.92 1524025431.130446
2 10.252458606385545 0.99 1524025431.2355487
1 10.730974232276862 0.92 1524025431.4057908
2 9.888521227777973 0.99 1524025431.5644896
1 10.669137989485897 0.92 1524025431.6866658
2 10.160448108167296 0.99 1524025431.8559973
1 10.744058643922319 0.92 1524025431.9650075
2 9.756006273917867 0.99 1524025432.193454
1 10.71280101446957 0.92 1524025432.2505887
2 9.656198534474155 0.99 1524025432.4776511
1 10.689622913840465 0.92 1524025432.5257223
2 10.117013965019991 0.99 1524025432.7477813
1 10.787172352498727 0.92 1524025432.8014116
1 10.806634937984189 0.92 1524025433.0724156
2 9.769395861345155 0.99 1524025433.0932264
1 10.840929066466042 0.92 1524025433.3575432
2 9.86903575410887 0.99 1524025433.409223
1 10.828165089391488 0.92 1524025433.6325529
2 9.712480578036013 0.99 1524025433.7118807
1 10.782220875438718 0.92 1524025433.9136841
1 6 frame freq 1524025433.915261
2 9.454278978433978 0.99 1524025434.0162072
1 13.600626032055592 0.91 1524025434.239199
2 9.736841234819666 0.99 1524025434.3193045
1 18.233997438538808 0.9 1524025434.5712192
2 10.184343371883683 0.99 1524025434.5928822
1 18.362232302058924 0.89 1524025434.8925538
2 10.03692058108174 0.99 1524025434.9149585
1 18.561267946960903 0.88 1524025435.2186062
2 9.857515368345222 0.99 1524025435.2381403
1 18.38863000718622 0.87 1524025435.546174
2 9.572717699357714 0.99 1524025435.5725558
1 17.989750001560424 0.86 1524025435.8849394
2 9.116174729757336 0.99 1524025435.9079032
2 9.43296245007397 0.99 1524025436.1799264
1 17.882495973040356 0.85 1524025436.2168264
2 9.812585863867012 0.99 1524025436.455811
1 17.933094117665846 0.84 1524025436.5527823
2 9.785661730516079 0.99 1524025436.7966537
1 17.742939088014776 0.83 1524025436.892253
2 9.923196825987091 0.99 1524025437.114533
1 17.321415039378063 0.82 1524025437.2477477
2 9.958711657596224 0.99 1524025437.3868127
1 17.242038818527078 0.81 1524025437.5880344
2 9.870050463583414 0.99 1524025437.6716394
1 17.31799707062171 0.8 1524025437.9401243
2 10.020265612789 0.99 1524025437.9946225
2 10.36277965151292 0.99 1524025438.2716236
1 17.116779418879712 0.79 1524025438.291432
2 9.917764697070728 0.99 1524025438.5965676
2 6 frame freq 1524025438.598252
1 16.971103759428686 0.78 1524025438.6456301
2 12.44451335900373 0.98 1524025438.9605503
1 17.228580566548906 0.77 1524025438.9872167
2 17.746616456185677 0.97 1524025439.270843
1 17.09520349110514 0.76 1524025439.3475113
2 18.65750512975734 0.96 1524025439.6020935
1 16.579425902253806 0.75 1524025439.710212
2 16.05522546182428 0.95 1524025440.0194397
1 16.42354211290096 0.74 1524025440.0797238
1 16.23524865551899 0.73 1524025440.4511275
2 14.025110285775947 0.94 1524025440.472728
1 16.100925535151596 0.72 1524025440.8236344
2 14.477121395016322 0.93 1524025440.8467298
1 15.987413451052106 0.71 1524025441.1986258
2 15.250932736789688 0.92 1524025441.2442765
1 15.780237242170129 0.7 1524025441.5849242
2 15.258447690416968 0.91 1524025441.635316
1 15.542947813017198 0.69 1524025441.9720166
2 15.402498288829817 0.9 1524025442.025347
1 15.23874859370059 0.68 1524025442.3724825
2 14.83575634441479 0.89 1524025442.4431162
1 14.917795223962143 0.67 1524025442.7762876
2 14.662523311865558 0.88 1524025442.847813
1 14.631395382120088 0.66 1524025443.1938295
2 14.866609615956637 0.87 1524025443.2518148
1 14.688158077538311 0.65 1524025443.5927022
2 14.733453792954707 0.86 1524025443.6567347
1 14.559167903958206 0.64 1524025444.0148432
2 14.540620845818182 0.85 1524025444.0747979
1 14.221559565927022 0.63 1524025444.437348
2 14.783311886309303 0.84 1524025444.4688804
2 15.72799877771735 0.83 1524025444.8416584
1 14.289567988905251 0.62 1524025444.8823698
1 14.242952388232487 0.61 1524025445.2783437
2 14.589899105187316 0.82 1524025445.2984376
2 13.952257197261336 0.81 1524025445.6977537
1 13.892747919806741 0.6 1524025445.7203307
2 14.554208797503655 0.8 1524025446.1154401
1 13.510187189113704 0.59 1524025446.1693926
2 14.41451458337626 0.79 1524025446.530289
1 13.32039837040082 0.58 1524025446.6206832
2 14.289361995252527 0.78 1524025446.95422
1 13.033548394280583 0.57 1524025447.08817
2 13.994707148512278 0.77 1524025447.3892004
1 12.879968682080458 0.56 1524025447.5519574
2 14.191988032668805 0.76 1524025447.801336
1 12.787408867454914 0.55 1524025448.0259764
2 14.530572933201817 0.75 1524025448.2132308
1 12.561296501311103 0.54 1524025448.5066633
2 14.055963557317781 0.74 1524025448.6529188
1 12.429147758389174 0.53 1524025448.992239
2 13.16805462011706 0.73 1524025449.1286082
1 12.132791556665294 0.52 1524025449.4969895
2 13.371522943249955 0.72 1524025449.5506775
1 11.76451305256135 0.51 1524025450.0114307
2 13.336854974435374 0.71 1524025450.0308778
2 13.42531780419 0.7 1524025450.445563
1 11.548181570224806 0.5 1524025450.5362523
2 13.288843194560783 0.69 1524025450.9284163
1 11.45943645287201 0.49 1524025451.058398
2 12.536104240521983 0.68 1524025451.4015632
1 11.18553355929542 0.48 1524025451.6070292
2 12.862489739176798 0.67 1524025451.8617055
1 10.996561085798895 0.48 1524025452.152398
2 12.898195305649553 0.66 1524025452.3339639
1 10.821878468286029 0.48 1524025452.7159927
2 12.812967339182215 0.65 1524025452.797269
1 10.822984730495115 0.48 1524025453.2578082
2 12.925081292027766 0.64 1524025453.2772846
2 13.085588494475163 0.63 1524025453.7165918
1 10.949884449969765 0.48 1524025453.8145392
2 13.05139354812241 0.62 1524025454.1799593
1 10.795480763158734 0.48 1524025454.3692436
2 13.36577800915722 0.61 1524025454.6118214
1 10.954446827907956 0.48 1524025454.9089272
2 13.071374932436976 0.6 1524025455.100253
1 11.118417775478989 0.47 1524025455.450579
2 12.3294163128909 0.59 1524025455.5853155
1 10.889429127591526 0.47 1524025456.009403
2 12.275918998338128 0.58 1524025456.0758781
1 10.786996876424169 0.47 1524025456.564245
2 12.051927603877948 0.57 1524025456.5867007
2 12.311677970572703 0.56 1524025457.0568554
1 10.885042225727895 0.47 1524025457.1145475
2 12.967622796013256 0.55 1524025457.5065377
1 10.832017933636934 0.47 1524025457.669255
2 12.870782891047712 0.54 1524025457.9848247
1 10.903238331718816 0.47 1524025458.214674
2 12.13810924466347 0.53 1524025458.4965148
1 10.864816700787879 0.47 1524025458.7736423
2 11.53594402137388 0.52 1524025459.0241551
1 10.858743702729688 0.47 1524025459.3190477
2 10.947740590102486 0.52 1524025459.593145
1 11.052621876918938 0.46 1524025459.8601382
2 10.52345470064032 0.52 1524025460.1626298
1 10.778696095158711 0.46 1524025460.4400961
2 11.161363637375395 0.51 1524025460.6656847
1 10.319910083561972 0.46 1524025461.0234988
2 12.013032950485183 0.5 1524025461.1651669
1 10.541711841787611 0.46 1524025461.5789182
2 11.620630300828502 0.49 1524025461.6991313
1 10.500162159093028 0.46 1524025462.1645315
2 11.514276540864776 0.48 1524025462.2035437
1 10.244737659105551 0.46 1524025462.7524076
2 11.20102885961725 0.47 1524025462.774474
1 10.264329944298282 0.46 1524025463.3340545
2 10.545389209958527 0.47 1524025463.3537214
2 10.691217457300455 0.47 1524025463.8955019
1 10.266412769009204 0.46 1524025463.91574
2 10.713167225407757 0.47 1524025464.465248
1 10.482446704958475 0.46 1524025464.4846652
2 10.785631214800542 0.47 1524025465.0060036
1 10.501840625893024 0.46 1524025465.052081
2 10.883066212540617 0.47 1524025465.567345
1 10.311937366261965 0.46 1524025465.6457024
2 10.655527149616796 0.47 1524025466.1310308
1 10.321008716376513 0.46 1524025466.2143872
2 10.141283069069093 0.47 1524025466.7499695
1 10.50100902188758 0.46 1524025466.7877278
2 10.350725208131088 0.47 1524025467.2935019
1 10.294237170916501 0.46 1524025467.3827085
2 10.827440296909659 0.47 1524025467.8562346
1 10.29021647999104 0.46 1524025467.9514697
2 10.663873707249525 0.47 1524025468.422643
1 10.451135669743898 0.46 1524025468.5293546
2 10.983652150227972 0.47 1524025468.9480639
1 10.441576038378434 0.46 1524025469.111071
2 10.618814503064035 0.47 1524025469.5454826
1 10.507707630298485 0.46 1524025469.6813831
2 10.698877369424107 0.47 1524025470.072012
1 10.328424487874699 0.46 1524025470.264721
2 11.339777028820992 0.46 1524025470.6037006
1 10.283021960934672 0.46 1524025470.8371625
2 10.71230510382411 0.46 1524025471.190358
1 10.290926013683768 0.46 1524025471.4300938
2 10.385271106632938 0.46 1524025471.7662363
1 10.260393176712835 0.46 1524025472.0066361
2 10.507051502367576 0.46 1524025472.3323307
1 10.49637035000393 0.46 1524025472.5715783
2 10.484956775763921 0.46 1524025472.9042048
1 10.391664539262027 0.46 1524025473.1641498
2 10.147577319569107 0.46 1524025473.5147223
1 10.282815967281945 0.46 1524025473.7395022
2 9.853815111990679 0.46 1524025474.125479
1 10.45072368243844 0.46 1524025474.3111644
2 10.864557301373337 0.46 1524025474.632283
1 10.510377918389404 0.46 1524025474.881847
2 11.036493336849835 0.45 1524025475.208902
1 10.461122547203905 0.46 1524025475.4566205
2 9.890329394285246 0.45 1524025475.8342907
1 10.426309619892969 0.46 1524025476.0317993
2 10.371782337076565 0.45 1524025476.368374
1 10.318704639223787 0.46 1524025476.619853
2 10.959695851355225 0.45 1524025476.927415
1 10.35569957337473 0.46 1524025477.1901207
2 10.481775318238471 0.45 1524025477.5122352
1 10.512361560971215 0.46 1524025477.7637613
2 9.825014147581566 0.45 1524025478.1494524
1 10.700624500775007 0.46 1524025478.311612
2 10.171655688754576 0.45 1524025478.6907263
1 10.61529735217858 0.46 1524025478.8939602
1 4 frame freq 1524025478.8954408
2 10.790163075160535 0.45 1524025479.2637205
1 7.574753775400587 0.514 1524025479.4344084
2 10.57000926615672 0.45 1524025479.8256972
1 7.77697850722257 0.5626 1524025479.9092922
1 8.252244979612982 0.6063333333333333 1524025480.3472457
2 10.631814991369495 0.45 1524025480.3912604
1 9.044679673471821 0.6063333333333333 1524025480.7627907
2 10.827753102086024 0.45 1524025480.946387
1 9.403963121406672 0.6063333333333333 1524025481.1772897
2 10.5247593271076 0.45 1524025481.5316904
1 9.570627245252266 0.6063333333333333 1524025481.6023257
1 9.684824022808717 0.6063333333333333 1524025482.000581
2 10.117731128107256 0.45 1524025482.1214347
1 9.770196947772428 0.6063333333333333 1524025482.4083455
2 10.281610522943753 0.45 1524025482.6991208
1 9.952203784048935 0.6063333333333333 1524025482.8068151
1 9.9541111326853 0.6063333333333333 1524025483.2070773
2 10.383996997743836 0.45 1524025483.2768764
1 10.007478747530802 0.6063333333333333 1524025483.6071513
2 10.570062671918546 0.45 1524025483.83577
1 10.03758433840719 0.6063333333333333 1524025484.0015597
1 10.056955371158116 0.6063333333333333 1524025484.3974319
2 10.50483134855485 0.45 1524025484.4251418
2 4 frame freq 1524025484.4265568
1 9.96940806874896 0.6063333333333333 1524025484.8092175
2 7.739628806225265 0.505 1524025484.9338164
1 9.967508349507131 0.6063333333333333 1524025485.2070663
2 8.028581649118257 0.5545 1524025485.3807173
1 10.04133037112901 0.6063333333333333 1524025485.5929334
2 8.668886215740605 0.5990333333333333 1524025485.8021684
1 10.171060595980029 0.6063333333333333 1524025485.9871297
2 9.331316026544792 0.5990333333333333 1524025486.21968
1 10.102159533839975 0.6063333333333333 1524025486.394461
2 9.543489488854053 0.5990333333333333 1524025486.6362808
1 10.05347636724538 0.6063333333333333 1524025486.7889085
2 9.582902941075908 0.5990333333333333 1524025487.054347
1 9.961641345101672 0.6063333333333333 1524025487.1920352
2 9.449983629304885 0.5990333333333333 1524025487.4878142
1 9.982004199143509 0.6063333333333333 1524025487.5962737
2 9.21920970309379 0.5990333333333333 1524025487.9390388
1 10.01273540037262 0.6063333333333333 1524025487.9870784
2 9.294267686632027 0.5990333333333333 1524025488.3483205
1 9.98423198235079 0.6063333333333333 1524025488.3961878
2 9.456621202559443 0.5990333333333333 1524025488.7570288
1 9.97414592276168 0.6063333333333333 1524025488.7987425
2 9.609933885950475 0.5990333333333333 1524025489.1864731
1 9.93036845685983 0.6063333333333333 1524025489.2052984
2 9.650430712197785 0.5990333333333333 1524025489.5913868
1 10.03490642092174 0.6063333333333333 1524025489.6129277
1 10.159929309338201 0.6063333333333333 1524025489.9822974
2 9.56219676427952 0.5990333333333333 1524025490.0122983
1 10.07566264658359 0.6063333333333333 1524025490.3845623
2 9.651216539835957 0.5990333333333333 1524025490.4282637
1 10.002191577110803 0.6063333333333333 1524025490.790229
2 9.459589037037619 0.5990333333333333 1524025490.859682
1 9.813547167579737 0.6063333333333333 1524025491.2042255
2 9.24997142190109 0.5990333333333333 1524025491.3110697
1 9.907022509550725 0.6063333333333333 1524025491.5948856
2 9.071268113462757 0.5990333333333333 1524025491.7507548
1 9.982362780687147 0.6063333333333333 1524025491.9915748
2 9.345941575888434 0.5990333333333333 1524025492.141864
1 10.027559313974463 0.6063333333333333 1524025492.400003
2 9.482873949190363 0.5990333333333333 1524025492.5757275
1 9.990449938905337 0.6063333333333333 1524025492.7974172
2 9.642900499781415 0.5990333333333333 1524025492.9956665
1 9.900972399676172 0.6063333333333333 1524025493.2040222
2 9.312440904439319 0.5990333333333333 1524025493.433298
1 10.028238330089 0.6063333333333333 1524025493.5974553
2 9.446077379297614 0.5990333333333333 1524025493.8465674
1 10.01701549071263 0.6063333333333333 1524025493.996209
2 9.519701036661306 0.5990333333333333 1524025494.2577424
1 9.983408007739872 0.6063333333333333 1524025494.4070811
2 9.38949778934847 0.5990333333333333 1524025494.7077868
1 9.948976550156214 0.6063333333333333 1524025494.8019235
2 9.303499254032035 0.5990333333333333 1524025495.1367888
1 9.968317065328957 0.6063333333333333 1524025495.197776
2 9.019159348717261 0.5990333333333333 1524025495.589427
1 10.104143176421795 0.6063333333333333 1524025495.6225758
1 10.198823962730966 0.6063333333333333 1524025495.9779408
2 8.967531235828126 0.6391 1524025496.0471334
1 10.106294665683606 0.6063333333333333 1524025496.386373
2 9.0201053936409 0.6391 1524025496.4645262
1 10.10402110610906 0.6063333333333333 1524025496.7807682
2 9.26616099712656 0.6391 1524025496.8824625
1 9.983713183521697 0.6063333333333333 1524025497.1817229
2 9.668062242992335 0.6391 1524025497.290743
1 9.995065722605334 0.6063333333333333 1524025497.586431
2 9.73018077338149 0.6391 1524025497.6981173
1 9.902078661885264 0.6063333333333333 1524025497.992809
2 9.885141405994343 0.6391 1524025498.0952945
1 9.990861926210789 0.6063333333333333 1524025498.386099
2 9.664888414861434 0.6391 1524025498.5299072
1 10.009447131323535 0.6063333333333333 1524025498.787843
2 9.654863390428687 0.6391 1524025498.9441545
1 9.940736804047113 0.6063333333333333 1524025499.201967
2 9.362230333242998 0.6391 1524025499.3777218
1 9.825227770628832 0.6063333333333333 1524025499.602183
2 9.431230577512139 0.6391 1524025499.8009083
1 9.889314684810705 0.6063333333333333 1524025499.9995844
2 9.367509874268462 0.6391 1524025500.2243886
1 10.09519389661996 0.6063333333333333 1524025500.3951113
2 9.536638292552235 0.6391 1524025500.635648
1 10.087259326292685 0.6063333333333333 1524025500.7958903
2 9.76246837109788 0.6391 1524025501.0299466
1 10.056444201723568 0.6063333333333333 1524025501.1917722
2 9.678255114105083 0.6391 1524025501.4639683
1 9.865381274121594 0.6063333333333333 1524025501.6063604
2 9.768701586441514 0.6391 1524025501.8654323
1 9.891107592528883 0.6063333333333333 1524025502.0056398
2 9.764940294930609 0.6391 1524025502.2591007
1 9.810594591890647 0.6063333333333333 1524025502.4154375
2 10.101778064112702 0.6391 1524025502.649441
1 9.7650242182706 0.6063333333333333 1524025502.8346112
2 10.030763659683549 0.6391 1524025503.0605378
1 9.71634105167602 0.6063333333333333 1524025503.2413692
2 9.889680895748883 0.6391 1524025503.476168
1 9.763757738776057 0.6063333333333333 1524025503.644045
2 9.66739085627234 0.6391 1524025503.8911424
1 9.957002673218032 0.6063333333333333 1524025504.039684
2 9.667161974435983 0.6391 1524025504.3010807
1 10.008791003392616 0.6063333333333333 1524025504.4453948
2 9.420038255713957 0.6391 1524025504.7495804
1 9.957597765992583 0.6063333333333333 1524025504.8497326
2 9.813249621192462 0.6391 1524025505.1158648
1 9.878862414283422 0.6063333333333333 1524025505.2536454
2 9.86470988740159 0.6391 1524025505.517282
1 9.824510607541558 0.6063333333333333 1524025505.6605868
2 10.196870837727317 0.6391 1524025505.9240777
1 9.924760851868918 0.6063333333333333 1524025506.0586703
2 9.924173388488917 0.6391 1524025506.3263373
1 9.885011706287065 0.6063333333333333 1524025506.4702942
2 9.814996752543365 0.6391 1524025506.7406173
1 9.895692858650708 0.6063333333333333 1524025506.8726325
2 9.74499705758877 0.6391 1524025507.1544988
1 9.866251025099773 0.6063333333333333 1524025507.2757738
2 9.348024400599355 0.6391 1524025507.6077514
1 9.902757677999805 0.6063333333333333 1524025507.6805592
2 9.52176860258313 0.6391 1524025508.0030575
1 9.924577746399821 0.6063333333333333 1524025508.083359
2 9.333322557310243 0.6391 1524025508.4406633
1 9.921503100398006 0.6063333333333333 1524025508.484502
2 9.636278185315952 0.6391 1524025508.8529334
1 9.943155322118029 0.6063333333333333 1524025508.8865201
2 9.30888560658113 0.6391 1524025509.292169
1 9.89718059058707 0.6063333333333333 1524025509.3134708
2 9.600023302435925 0.6391 1524025509.6921406
1 9.820390734487006 0.6063333333333333 1524025509.7124295
1 9.82358745080156 0.6063333333333333 1524025510.1071208
2 9.32750895866661 0.6391 1524025510.139517
1 9.798700365794266 0.6063333333333333 1524025510.521144
2 9.521272691937675 0.6391 1524025510.5514288
1 9.919084582327098 0.6063333333333333 1524025510.9162648
2 9.149255784506463 0.6391 1524025511.0034337
1 9.862405810248871 0.6063333333333333 1524025511.3249857
2 9.377428087177549 0.6391 1524025511.417972
1 9.951097521839852 0.6063333333333333 1524025511.7247462
2 9.284799608001121 0.6391 1524025511.8424857
1 9.860414538272504 0.6063333333333333 1524025512.13418
2 9.661005053037787 0.6391 1524025512.24509
1 9.929201159494372 0.6063333333333333 1524025512.5355058
2 9.52649882720131 0.6391 1524025512.6787314
1 9.966280016985314 0.6063333333333333 1524025512.9289498
2 9.76371959180333 0.6391 1524025513.071228
1 10.12320140399635 0.6063333333333333 1524025513.3174098
2 9.808862719328816 0.6391 1524025513.466905
1 10.214067493032799 0.6063333333333333 1524025513.7100503
2 9.927782092108913 0.6391 1524025513.888851
1 10.137956653047276 0.6063333333333333 1524025514.1155114
2 9.788499865286985 0.6391 1524025514.2971888
1 10.067575488365403 0.6063333333333333 1524025514.5097609
2 9.85303691374704 0.6391 1524025514.6851604
1 9.951036486683488 0.6063333333333333 1524025514.9165118
2 9.850770983567038 0.6391 1524025515.1057699
1 9.95268443590531 0.6063333333333333 1524025515.3198097
2 10.00747874753081 0.6391 1524025515.4983468
1 9.970254931543495 0.6063333333333333 1524025515.7149267
2 9.87852672092343 0.6391 1524025515.9024131
1 10.039835009798104 0.6063333333333333 1524025516.1088636
2 10.259408984816469 0.6391 1524025516.2745607
1 9.987573657161699 0.6063333333333333 1524025516.521257
2 9.99118999017625 0.6391 1524025516.699333
1 9.817400011825196 0.6063333333333333 1524025516.9373124
2 10.032976184101733 0.6391 1524025517.09907
1 9.861566576848862 0.6063333333333333 1524025517.3277717
2 9.611787828825024 0.6391 1524025517.5224056
1 9.92359355450346 0.6063333333333333 1524025517.734195
2 9.679895433932348 0.6391 1524025517.936708
1 10.027864489756272 0.6063333333333333 1524025518.1344943
2 9.590478929859543 0.6391 1524025518.3483071
1 9.785844835985161 0.6063333333333333 1524025518.5545304
2 9.32506755241206 0.6391 1524025518.8104637
1 9.765237841317882 0.6063333333333333 1524025518.9571319
2 9.501245531255833 0.6391 1524025519.1993806
1 9.708803209865104 0.6063333333333333 1524025519.3686862
2 9.629900011475952 0.6391 1524025519.593184
1 9.924539599427103 0.6063333333333333 1524025519.7621186
2 10.282823596676486 0.6391 1524025519.9783885
1 9.99734691157443 0.6063333333333333 1524025520.163127
2 10.345697437125635 0.6391 1524025520.3620062
1 10.159883532970927 0.6063333333333333 1524025520.556199
2 10.288644824714666 0.6391 1524025520.759386
1 10.05264476323993 0.6063333333333333 1524025520.9554567
2 10.135728869839996 0.6391 1524025521.1604247
1 9.968217883199868 0.6063333333333333 1524025521.3632398
2 9.947832140974384 0.6391 1524025521.5676181
1 9.901872668232533 0.6063333333333333 1524025521.7636838
2 10.012666735821723 0.6391 1524025521.958144
1 10.009058032201711 0.6063333333333333 1524025522.1563427
2 10.006830248994444 0.6391 1524025522.3596537
1 10.053537402401744 0.6063333333333333 1524025522.5553935
2 9.931871447585287 0.6391 1524025522.7754855
1 9.96656993397804 0.6063333333333333 1524025522.967758
2 9.764925036141511 0.6391 1524025523.1895008
1 9.867006335159774 0.6063333333333333 1524025523.3753262
2 9.564760240846804 0.6391 1524025523.614075
1 9.822832140741562 0.6063333333333333 1524025523.778107
2 9.699373278206917 0.6391 1524025524.011448
1 9.873773608121597 0.6063333333333333 1524025524.1859543
2 9.654665026170509 0.6391 1524025524.4312325
1 9.844064745761582 0.6063333333333333 1524025524.5928354
2 9.879488024636148 0.6391 1524025524.830957
1 9.906251940701635 0.6063333333333333 1524025524.9882913
2 9.657243761526873 0.6391 1524025525.253838
1 9.865869555372509 0.6063333333333333 1524025525.3972511
2 9.814195666116094 0.6391 1524025525.6528862
1 9.9453831053253 0.6063333333333333 1524025525.7979138
2 9.728586229921483 0.6391 1524025526.063466
1 9.995492968699889 0.6063333333333333 1524025526.190541
2 9.95543101794167 0.6391 1524025526.460363
1 9.988107714779874 0.6063333333333333 1524025526.6002123
2 9.846605334145211 0.6391 1524025526.8709748
1 9.984994921805333 0.6063333333333333 1524025526.9972026
2 9.706956896385105 0.6391 1524025527.2992299
1 9.834444079239757 0.6063333333333333 1524025527.4104521
2 9.624063524648664 0.6391 1524025527.7131069
1 9.858339342956139 0.6063333333333333 1524025527.817968
2 9.765512499521513 0.6391 1524025528.1001546
1 9.838350329247026 0.6063333333333333 1524025528.2176974
2 9.690347704459636 0.6391 1524025528.536848
1 9.930795702954372 0.6063333333333333 1524025528.6191945
2 9.387720140419386 0.6391 1524025528.9864247
1 9.94989970689621 0.6063333333333333 1524025529.025466
2 9.123987229771892 0.6391 1524025529.417351
1 9.940301928558023 0.6063333333333333 1524025529.4394796
2 9.375604661881184 0.6391 1524025529.817954
1 9.867479357621594 0.6063333333333333 1524025529.837965
2 9.679002794770536 0.6391 1524025530.2251978
1 9.861795458685231 0.6063333333333333 1524025530.2458792
1 9.905405077907085 0.6063333333333333 1524025530.637164
2 9.611497911832295 0.6391 1524025530.6648068
1 9.970537219141683 0.6063333333333333 1524025531.038945
2 9.44017222791943 0.6391 1524025531.0912223
1 9.988451037534418 0.6063333333333333 1524025531.439036
2 9.317285569975693 0.6391 1524025531.5130107
1 9.871301684288872 0.6063333333333333 1524025531.8506913
2 9.286134752046564 0.6391 1524025531.9580998
1 9.57956889565954 0.6063333333333333 1524025532.2927122
2 9.340097459666614 0.6391 1524025532.3747044
1 9.609735521692294 0.6063333333333333 1524025532.6883862
2 9.302270921510225 0.6391 1524025532.8023076
1 9.701341661999637 0.6063333333333333 1524025533.0919285
2 9.495340379877648 0.6391 1524025533.2192957
1 9.946588549663485 0.6063333333333333 1524025533.4979925
2 9.492662462392195 0.6391 1524025533.6377618
1 9.926805529607101 0.6063333333333333 1524025533.8981895
2 9.655176195605055 0.6391 1524025534.0473866
2 9.509561571310389 0.6391 1524025534.4879642
2 9.666208300117798 0.6391 1524025534.8855214
2 9.93315318586893 0.6391 1524025535.2538037
2 10.43535808182388 0.6391 1524025535.6318302
2 10.487634693249376 0.6391 1524025536.027951
2 10.411722217522044 0.6391 1524025536.414298
2 10.249460254329191 0.6391 1524025536.8049755
2 10.218233142454613 0.6391 1524025537.1957974
2 9.970377001856226 0.6391 1524025537.6180189
2 9.976839099036235 0.6391 1524025538.0057027
2 9.874322924528878 0.6391 1524025538.4141526
2 10.097719226214508 0.6391 1524025538.804883
2 9.939996752776203 0.6391 1524025539.221628
2 9.832635912732476 0.6391 1524025539.6328566
2 9.87021068086887 0.6391 1524025540.0157301
2 10.03254130861264 0.6391 1524025540.4172454
2 10.060533557199939 0.6391 1524025540.8333657
