1 10.977220570626157 0.99 1524317141.8408606
1 10.779047047307799 0.99 1524317142.125071
1 10.813501393075107 0.99 1524317142.400729
2 10.471376453473002 0.99 1524317142.5277448
1 10.779481922796894 0.99 1524317142.6833866
2 10.472856556014822 0.99 1524317142.787127
1 10.731760059915045 0.99 1524317142.960661
2 11.027826344646199 0.99 1524317143.0648081
1 10.714983021309575 0.99 1524317143.2460442
2 10.41211131664386 0.99 1524317143.4070864
1 10.67976573608773 0.99 1524317143.5270958
2 10.472101245954821 0.99 1524317143.6730351
1 10.684579884045911 0.99 1524317143.8016586
2 10.265749011683745 0.99 1524317143.9556296
1 10.690355335716822 0.99 1524317144.0855486
2 10.237939868565539 0.99 1524317144.2370431
1 10.66421703000408 0.99 1524317144.3770452
2 10.610437427853123 0.99 1524317144.5384874
1 10.567132984413082 0.99 1524317144.6605499
2 10.634538685222225 0.99 1524317144.8014798
1 10.578928028380368 0.99 1524317144.9390302
2 10.776857411073262 0.99 1524317145.0721297
1 10.39817241280931 0.99 1524317145.2360146
2 10.209672961774613 0.99 1524317145.4122372
1 10.48578075037484 0.99 1524317145.511198
2 10.561395679714893 0.99 1524317145.6733003
1 10.651704822949522 0.99 1524317145.7869334
2 10.399393115936578 0.99 1524317145.9546113
1 10.590044056233108 0.99 1524317146.0678034
2 10.338647876565624 0.99 1524317146.2306478
1 10.685518299575003 0.99 1524317146.3617043
2 10.867998158313338 0.99 1524317146.5163364
1 10.672868763418633 0.99 1524317146.6421666
2 10.65300944941679 0.99 1524317146.7991703
1 10.625619922998586 0.99 1524317146.9166434
2 10.742410694700498 0.99 1524317147.0728774
1 10.575784717827634 0.99 1524317147.2054257
2 10.829050099158762 0.99 1524317147.3378088
1 10.584322010324003 0.99 1524317147.4921465
2 10.885454213033343 0.99 1524317147.6183221
1 10.484460865118475 0.99 1524317147.78114
2 10.660242115445891 0.99 1524317147.9270837
1 10.47010234458391 0.99 1524317148.0620353
2 10.759607350005968 0.99 1524317148.1877081
1 10.582429920476736 0.99 1524317148.3423133
2 10.742296253782317 0.99 1524317148.4545562
1 10.533250843236694 0.99 1524317148.6305892
2 10.455209766431175 0.99 1524317148.7665973
1 10.514818226014865 0.99 1524317148.9229376
2 10.876985585087883 0.99 1524317149.02937
1 10.468088184423914 0.99 1524317149.211365
2 10.86018565829878 0.99 1524317149.2943394
1 10.413194690669316 0.99 1524317149.4943469
2 10.338525806252889 0.99 1524317149.6159642
1 10.456872974442081 0.99 1524317149.7777073
2 10.670366322007721 0.99 1524317149.891478
1 10.65263560908406 0.99 1524317150.0480974
2 10.559373890160353 0.99 1524317150.16378
1 10.777170216249617 0.99 1524317150.3225145
2 10.156251941167293 0.99 1524317150.4749792
1 10.758699452055058 0.99 1524317150.607911
2 10.609476124140397 0.99 1524317150.7466288
1 10.881616627576985 0.99 1524317150.8801181
2 10.460420642905726 0.99 1524317151.0397406
1 10.72928813608231 0.99 1524317151.1672893
2 10.245080981860088 0.99 1524317151.3370275
1 10.708444630184104 0.99 1524317151.443134
2 10.472520862654822 0.99 1524317151.6194837
1 10.712007557436847 0.99 1524317151.7254157
2 9.946847949078022 0.99 1524317151.9538283
1 10.59829143173675 0.99 1524317152.0128217
2 10.163476977801835 0.99 1524317152.21892
1 10.637193714524056 0.99 1524317152.2986512
2 10.426164661396607 0.99 1524317152.488228
1 10.555406604996714 0.99 1524317152.5810473
2 10.640047108084053 0.99 1524317152.7474189
1 10.615900074347666 0.99 1524317152.861359
2 11.038950001893477 0.99 1524317153.0405085
1 10.600908314065842 0.99 1524317153.1458683
2 10.734361683455047 0.99 1524317153.3366315
1 10.635072742840407 0.99 1524317153.4325085
2 10.654085194047708 0.99 1524317153.6163201
1 10.476419483267554 0.99 1524317153.7250648
2 10.336664233983806 0.99 1524317153.9099576
1 10.430421863552967 0.99 1524317154.0055525
2 10.564638172396714 0.99 1524317154.1761377
1 10.437303577432973 0.99 1524317154.2971275
2 10.767999684005984 0.99 1524317154.451501
1 10.383295093445657 0.99 1524317154.583828
2 10.456224475905715 0.99 1524317154.7612224
1 10.5477009165058 0.99 1524317154.862529
2 10.044527087443557 0.99 1524317155.1041605
1 10.488252674207558 0.99 1524317155.149828
2 10.014017138656264 0.99 1524317155.3747132
1 10.58321574811492 0.99 1524317155.427067
2 10.068300280847224 0.99 1524317155.6429756
1 10.56243327737308 0.99 1524317155.716505
2 9.794275316957895 0.99 1524317155.9879456
1 10.569337879436729 0.99 1524317156.0114233
2 10.44187358476571 0.99 1524317156.252696
1 10.647287403507692 0.99 1524317156.2771118
2 10.472810779647547 0.99 1524317156.5208166
1 10.623865162253132 0.99 1524317156.5590646
2 10.452760730782087 0.99 1524317156.7920332
1 10.738046681020498 0.99 1524317156.8342862
2 10.855325733973316 0.99 1524317157.093345
1 10.72783092172412 0.99 1524317157.1185508
2 10.561967884305812 0.99 1524317157.3936338
1 10.758699452055067 0.99 1524317157.4158664
2 10.638788257984048 0.99 1524317157.6499233
1 10.660356556364068 0.99 1524317157.68789
2 10.531526600069414 0.99 1524317157.9312994
1 10.690370594505909 0.99 1524317157.9556468
2 10.82293132473329 0.99 1524317158.2018285
1 10.622545276996764 0.99 1524317158.2471097
1 10.623140369771306 0.99 1524317158.527967
2 10.545282398434882 0.99 1524317158.5508032
2 10.431818042754792 0.99 1524317158.8006806
1 10.701578175093198 0.99 1524317158.8208625
2 10.551286731942168 0.99 1524317159.0688345
1 10.580804859438544 0.99 1524317159.0903983
1 10.681795155036816 0.99 1524317159.3698964
2 10.005212817350802 0.99 1524317159.403086
1 10.652986561233153 0.99 1524317159.649821
2 10.561113392116717 0.99 1524317159.670429
1 10.693124805936819 0.99 1524317159.9268808
2 10.478906665889372 0.99 1524317159.947975
1 10.621652637834945 0.99 1524317160.2259772
2 10.348016773067448 0.99 1524317160.246754
2 10.834604298387854 0.99 1524317160.5110636
1 10.521806751418495 0.99 1524317160.5511098
1 10.574861561087634 0.99 1524317160.7842784
2 10.550767933113068 0.99 1524317160.80702
1 10.54946330664579 0.99 1524317161.0680625
2 10.69094279909683 0.99 1524317161.0900562
2 10.748415028207786 0.99 1524317161.3443582
1 10.539629017076699 0.99 1524317161.3653903
2 10.82705119778785 0.99 1524317161.618579
1 10.62027934681677 0.99 1524317161.6419787
2 10.962930714642507 0.99 1524317161.8953342
1 10.60721782335493 0.99 1524317161.91614
2 10.932802235582471 0.99 1524317162.1638825
1 10.441392932909338 0.99 1524317162.2177389
2 10.81703380274966 0.99 1524317162.4542928
1 10.558923755882173 0.99 1524317162.4948962
2 10.447046314267528 0.99 1524317162.765008
1 10.573274647022183 0.99 1524317162.788668
2 10.56762126566399 0.99 1524317163.031108
1 10.496316944242112 0.99 1524317163.0578387
2 10.548028980471248 0.99 1524317163.302183
1 10.721986805502304 0.99 1524317163.33142
2 10.80333141014601 0.99 1524317163.5645194
1 10.606355701771294 0.99 1524317163.6261363
2 11.145319020646292 0.99 1524317163.8431938
1 10.62142375599858 0.99 1524317163.9053552
2 11.027162587320738 0.99 1524317164.1183867
1 10.66367534299135 0.99 1524317164.1853974
2 10.862169300880604 0.99 1524317164.4057336
1 10.574388538625811 0.99 1524317164.4681878
2 10.657838856164064 0.99 1524317164.690148
1 10.716272388987749 0.99 1524317164.7451913
2 10.61892131458767 0.99 1524317164.9717484
1 10.672342335194983 0.99 1524317165.0289345
2 10.77536967913689 0.99 1524317165.2316527
1 10.675867115474986 0.99 1524317165.3066037
2 10.875230824342434 0.99 1524317165.509846
1 10.736818348498673 0.99 1524317165.5872726
2 10.871545826776975 0.99 1524317165.7938125
1 10.736856495471406 0.99 1524317165.8629632
2 10.957132374787953 0.99 1524317166.0663598
1 10.699441944620462 0.99 1524317166.1520722
2 10.702005421187744 0.99 1524317166.3532104
1 10.738611256216856 0.99 1524317166.4268227
2 10.883813893206073 0.99 1524317166.6115577
1 10.60788158068039 0.99 1524317166.7224102
2 10.999513661487992 0.99 1524317166.8844926
1 10.5539951670058 0.99 1524317167.00036
2 11.013978993546182 0.99 1524317167.1544712
1 10.629892383944043 0.99 1524317167.2803366
2 11.23488048321545 0.99 1524317167.423131
1 10.578149830136732 0.99 1524317167.5616822
2 11.178537404497224 0.99 1524317167.6854968
1 10.727022205902305 0.99 1524317167.8413584
2 10.577920948300369 0.99 1524317168.0193024
1 10.699014698525914 0.99 1524317168.1247032
2 10.512865101011224 0.99 1524317168.295622
1 10.706666981255024 0.99 1524317168.4019437
2 10.586336170484012 0.99 1524317168.5574148
1 10.640512501151331 0.99 1524317168.6868417
2 10.377733264822012 0.99 1524317168.8418913
1 10.65143779414042 0.99 1524317168.9678853
2 10.986253773767976 0.99 1524317169.1110077
1 10.582613025945824 0.99 1524317169.261599
2 10.885553395162441 0.99 1524317169.3986855
1 10.5806446421531 0.99 1524317169.5347025
2 10.586404835034925 0.99 1524317169.6910522
1 10.633661304849499 0.99 1524317169.8214588
2 10.779359852484166 0.99 1524317169.9550316
1 10.428689990991158 0.99 1524317170.1124725
2 10.763269459387786 0.99 1524317170.2259548
1 10.448938404114802 0.99 1524317170.4135017
2 10.943025624273398 0.99 1524317170.493214
1 10.223016772834619 0.99 1524317170.7111075
2 10.63278392447677 0.99 1524317170.8199344
1 10.25370982709101 0.99 1524317170.9850929
2 10.56225780129853 0.99 1524317171.0913277
1 10.453836475412986 0.99 1524317171.2664201
2 10.62940410269314 0.99 1524317171.3547037
1 10.29366496632559 0.99 1524317171.5786047
2 10.62190440785495 0.99 1524317171.624178
1 10.44448283770026 0.99 1524317171.85872
2 10.869882618766058 0.99 1524317171.9237733
1 10.38865855781112 0.99 1524317172.146399
2 10.672243153065905 0.99 1524317172.2150683
1 10.355043445443815 0.99 1524317172.4219701
2 10.660112415738615 0.99 1524317172.4807696
1 10.602510486920384 0.99 1524317172.7061927
2 10.65123942988225 0.99 1524317172.7508686
1 10.66712382932589 0.99 1524317172.9828122
2 10.893228566075171 0.99 1524317173.0252059
1 10.659166370814981 0.99 1524317173.2665958
2 11.083108937522603 0.99 1524317173.3008144
1 10.649477039742239 0.99 1524317173.5453134
2 10.967844044729778 0.99 1524317173.5784736
1 10.672525440664076 0.99 1524317173.8297706
2 10.887445485009714 0.99 1524317173.858503
1 10.456438098952997 0.99 1524317174.1304147
2 10.776407276795082 0.99 1524317174.1551692
1 10.446947132138439 0.99 1524317174.4152262
2 10.4599476204439 0.99 1524317174.4455311
1 10.367578540682016 0.99 1524317174.7131782
2 10.55573466896216 0.99 1524317174.7426653
2 10.675546680904086 0.99 1524317174.9782865
1 10.346590076287443 0.99 1524317175.0006728
2 10.752672230364142 0.99 1524317175.255323
1 10.48306468591665 0.99 1524317175.2781832
2 10.911996876657007 0.99 1524317175.5563688
1 10.469896350931187 0.99 1524317175.5790079
2 10.816232716322382 0.99 1524317175.822719
1 10.557634388203983 0.99 1524317175.8431287
1 10.62680247915313 0.99 1524317176.1176145
2 10.499666248447578 0.99 1524317176.139328
2 10.485971485238473 0.99 1524317176.3992481
1 10.66852000852771 0.99 1524317176.4229648
1 10.701776539351373 0.99 1524317176.6846318
2 10.521265064405776 0.99 1524317176.7055671
2 10.567003284705816 0.99 1524317176.95736
1 10.619859730116762 0.99 1524317176.9784894
2 10.910875355658822 0.99 1524317177.2198148
1 10.444093738578434 0.99 1524317177.2628756
2 11.00002483092254 0.99 1524317177.4896588
1 10.477396045769375 0.99 1524317177.5453064
2 11.253625905613648 0.99 1524317177.7519252
1 10.490121875871196 0.99 1524317177.826344
2 10.941423451418844 0.99 1524317178.053442
1 10.535318409158508 0.99 1524317178.1104693
2 10.831201588420578 0.99 1524317178.3268452
1 10.59903148300766 0.99 1524317178.3959084
2 10.856859242276961 0.99 1524317178.5952828
1 10.60908702501857 0.99 1524317178.6769326
2 10.408952747302042 0.99 1524317178.905312
1 10.613458668093116 0.99 1524317178.9577963
2 10.75494578993869 0.99 1524317179.1691325
1 10.56664470316218 0.99 1524317179.2456865
2 10.686403309342278 0.99 1524317179.4501734
1 10.569414173382178 0.99 1524317179.5333388
2 10.17002299832184 0.99 1524317179.7762825
1 10.48753551112029 0.99 1524317179.8210723
2 10.354814563607448 0.99 1524317180.0643234
1 10.512537037045762 0.99 1524317180.1012948
2 10.210969958847336 0.99 1524317180.3447306
1 10.608728443474936 0.99 1524317180.3764694
2 10.310472522509231 0.99 1524317180.6148362
1 10.696687733189561 0.99 1524317180.6528492
2 10.598527942967653 0.99 1524317180.9087772
1 10.775728260680532 0.99 1524317180.9342031
2 10.8259525649733 0.99 1524317181.1719875
1 10.669755970444076 0.99 1524317181.226715
2 10.67936137817682 0.99 1524317181.4690857
1 10.62192729603858 0.99 1524317181.5055
2 10.663812672093169 0.99 1524317181.7395408
1 10.583147083564011 0.99 1524317181.78687
2 10.828271900915123 0.99 1524317182.0159214
1 10.538255726058512 0.99 1524317182.0731087
2 10.710527454895026 0.99 1524317182.293394
1 10.656496082724068 0.99 1524317182.3540554
2 10.640611683280424 0.99 1524317182.5960906
1 10.514482532654853 0.99 1524317182.6461847
2 10.373933826338375 0.99 1524317182.8969421
1 10.523813282183951 0.99 1524317182.92681
2 10.498865162020305 0.99 1524317183.159182
1 10.426553760518416 0.99 1524317183.223924
2 10.634737049480416 0.99 1524317183.4222312
1 10.370409046058374 0.99 1524317183.50616
2 10.323610339916522 0.99 1524317183.7587001
1 10.532213245578513 0.99 1524317183.785314
2 10.563585315949444 0.99 1524317184.0327632
1 10.51126292815668 0.99 1524317184.069613
2 10.368036304354742 0.99 1524317184.3166459
1 10.574571644094906 0.99 1524317184.3587372
2 10.38645366278748 0.99 1524317184.575928
1 10.63330272330587 0.99 1524317184.6397612
2 10.759569203033248 0.99 1524317184.873975
1 10.635103260418598 0.99 1524317184.9179397
2 10.825243031280573 0.99 1524317185.1404018
1 10.564287220247627 0.99 1524317185.2047324
2 10.478769336787561 0.99 1524317185.4625785
1 10.656061207234975 0.99 1524317185.4871051
2 10.455682788892997 0.99 1524317185.7247386
1 10.639291798024058 0.99 1524317185.766416
2 10.734163319196856 0.99 1524317185.9929826
1 10.608827625604027 0.99 1524317186.0444682
2 10.36841014468747 0.99 1524317186.297981
1 10.720613514484125 0.99 1524317186.3228588
2 10.588739429765832 0.99 1524317186.5939033
1 10.613626514773129 0.99 1524317186.6174939
2 10.417192493411145 0.99 1524317186.876554
1 10.631502186193138 0.99 1524317186.897969
2 10.33973125059108 0.99 1524317187.1526115
1 10.561433826687619 0.99 1524317187.183764
2 10.473726306993006 0.99 1524317187.4441621
1 10.569421802776723 0.99 1524317187.4645522
2 10.895212208656986 0.99 1524317187.699784
1 10.63605693473678 0.99 1524317187.7442222
2 10.859827076755147 0.99 1524317187.982369
1 10.61523631702221 0.99 1524317188.0219018
2 10.898759877120629 0.99 1524317188.253944
1 10.670007740464072 0.99 1524317188.305618
2 11.12922099815537 0.99 1524317188.5221126
1 10.663476978733167 0.99 1524317188.5871553
2 11.00298503600617 0.99 1524317188.7841446
1 10.641160999687694 0.99 1524317188.8712296
2 11.23587230450636 0.99 1524317189.0515342
1 10.565713917027628 0.99 1524317189.163429
2 10.951158558858854 0.99 1524317189.3481658
1 10.502290760171213 0.99 1524317189.449215
2 11.033433949637104 0.99 1524317189.609029
1 10.327737842365615 0.99 1524317189.7459219
2 10.922647511442474 0.99 1524317189.8830395
1 10.36192515932382 0.99 1524317190.0310822
2 10.435319934851151 0.99 1524317190.2009664
1 10.395135913780216 0.99 1524317190.3127344
2 10.753732716205961 0.99 1524317190.4646676
2 10.658357654993155 0.99 1524317190.7349496
2 6 frame freq 1524317190.7364097
1 10.56884959818581 0.99 1524317190.8836691
1 6 frame freq 1524317190.8851788
2 14.070619624239619 0.99 1524317191.052328
1 13.160028497055228 0.99 1524317191.2271166
2 17.530857178440044 0.99 1524317191.4196367
1 18.03781518719684 0.99 1524317191.5467873
2 17.53024682687643 0.99 1524317191.7360463
1 18.53966150160817 0.99 1524317191.871949
2 19.182758426634145 0.99 1524317192.0456638
1 17.656421753869257 0.99 1524317192.2273872
2 19.460346317776192 0.99 1524317192.3532672
1 17.51378259344732 0.99 1524317192.5626454
2 17.92866906882948 0.99 1524317192.7141457
1 18.03216943523321 0.99 1524317192.894998
2 17.60176477134558 0.99 1524317193.0334518
1 17.83766565069123 0.99 1524317193.228744
2 19.080432986990427 0.99 1524317193.3438382
1 18.348636720978917 0.99 1524317193.5480945
2 19.183414554565058 0.99 1524317193.660867
1 18.714756106426492 0.99 1524317193.8723376
2 18.435276125437156 0.99 1524317193.9941661
1 17.903705689876737 0.99 1524317194.21774
2 18.440052126422625 0.99 1524317194.3106318
1 17.601902100447397 0.99 1524317194.5529299
2 19.005542850132183 0.99 1524317194.6278174
1 17.98903283847316 0.99 1524317194.8832853
2 18.990619754401266 0.99 1524317194.9434886
1 17.88371667616761 0.99 1524317195.2224746
2 19.083515262386783 0.99 1524317195.2552738
1 17.555286499774628 0.99 1524317195.5693464
2 19.210178470630538 0.99 1524317195.5906937
1 17.900730226003994 0.99 1524317195.896309
2 17.678272339847446 0.99 1524317195.9341636
1 18.099414918756896 0.99 1524317196.2329729
2 17.521732422563677 0.99 1524317196.2555015
2 19.23262414938327 0.99 1524317196.561153
1 17.97389611969497 0.99 1524317196.5833976
2 18.97243127780488 0.99 1524317196.8875413
1 18.055515382542296 0.99 1524317196.91327
2 18.525074099237237 0.99 1524317197.2053542
1 17.906421754334918 0.99 1524317197.231273
2 17.959110353065867 0.99 1524317197.5594206
1 18.1108132342078 0.99 1524317197.5822773
2 17.780384156443887 0.99 1524317197.8804705
1 17.93387231590948 0.99 1524317197.9024415
2 18.726795291019222 0.99 1524317198.1965535
1 17.575199219538263 0.99 1524317198.2429986
2 18.40573510975715 0.99 1524317198.5332696
1 17.707447144589302 0.99 1524317198.5782502
2 17.272327514872583 0.99 1524317198.8897552
1 18.129688356313288 0.99 1524317198.909753
2 17.862247559916707 0.99 1524317199.205659
1 18.17142114447696 0.99 1524317199.23992
2 19.19182214735417 0.99 1524317199.513937
1 18.08591089041142 0.99 1524317199.5649211
2 18.40298852772078 0.99 1524317199.8562846
1 18.34727868874981 0.99 1524317199.8971324
2 17.301197143832603 0.99 1524317200.20703
1 17.765049073407518 0.99 1524317200.245043
2 18.05627832199685 0.99 1524317200.5225906
1 17.51121911688003 0.99 1524317200.578104
2 17.525608154992778 0.99 1524317200.8950198
1 18.120075319186 0.99 1524317200.9215248
2 17.59457788168375 0.99 1524317201.2026415
1 17.665577027323817 0.99 1524317201.2633562
2 19.29898462313971 0.99 1524317201.514657
1 17.490589234029123 0.99 1524317201.5916367
2 18.350055788364376 0.99 1524317201.8565035
1 18.240284059644267 0.99 1524317201.918733
2 18.15596399112786 0.99 1524317202.173919
1 18.08606347830232 0.99 1524317202.2540414
2 18.525302981073597 0.99 1524317202.5039055
1 17.913990113724005 0.99 1524317202.5908222
2 18.784702395619263 0.99 1524317202.8158534
1 18.10144433770597 0.99 1524317202.9161239
2 17.99943933263316 0.99 1524317203.1709063
1 17.835224244436684 0.99 1524317203.2638159
2 17.85042199837124 0.99 1524317203.4860582
1 17.53107080148733 0.99 1524317203.6059911
2 18.970676517059434 0.99 1524317203.8053598
1 17.996769044542273 0.99 1524317203.9254115
2 18.575199221400915 0.99 1524317204.1317737
1 18.1994057636697 0.99 1524317204.263464
2 17.646366211858336 0.99 1524317204.4832807
1 18.04939660811685 0.99 1524317204.5887895
2 17.383228393985384 0.99 1524317204.821404
1 18.428821657651703 0.99 1524317204.9104795
2 18.517765139262682 0.99 1524317205.1338615
1 18.258365724717034 0.99 1524317205.2465825
2 19.082157230157716 0.99 1524317205.4510825
1 18.088596437291415 0.99 1524317205.5749648
2 18.17711267280785 0.99 1524317205.7912042
1 18.60797510036822 0.99 1524317205.8906925
2 17.34677514684718 0.99 1524317206.144827
1 18.1140023211278 0.99 1524317206.2377868
2 18.028278444015008 0.99 1524317206.4572015
1 17.737659546989317 0.99 1524317206.5671852
2 18.29364404509524 0.99 1524317206.7978535
1 18.343799684837105 0.99 1524317206.890811
2 17.527866455778238 0.99 1524317207.141247
1 18.280063722804314 0.99 1524317207.224004
2 18.39580163805894 0.99 1524317207.451994
1 18.199253175778793 0.99 1524317207.550873
2 18.66685876747008 0.99 1524317207.7840412
1 18.29587182830252 0.99 1524317207.8803673
2 17.69423303323655 0.99 1524317208.128414
1 18.067356202876862 0.99 1524317208.2192016
2 17.967395875542223 0.99 1524317208.4528768
1 17.76625451774571 0.99 1524317208.557661
2 18.71362695603376 0.99 1524317208.7723603
1 17.688007447287447 0.99 1524317208.89739
2 17.80824670532392 0.99 1524317209.125882
1 17.596729370945578 0.99 1524317209.2434027
2 17.559803101345537 0.99 1524317209.4528556
1 17.525592896203698 0.99 1524317209.5815551
2 18.5967598903864 0.99 1524317209.7724423
1 18.025714967447747 0.99 1524317209.9056828
2 18.862567996350254 0.99 1524317210.0912054
1 17.840000245422125 0.99 1524317210.2493014
2 18.784290408313815 0.99 1524317210.4109097
1 17.543216797603705 0.99 1524317210.587713
2 19.024433231026745 0.99 1524317210.7202852
1 18.095722291796886 0.99 1524317210.9158833
2 18.336643312753452 0.99 1524317211.0670578
1 17.736698243276603 0.99 1524317211.2659547
2 18.46300134521537 0.99 1524317211.3711517
1 17.678714844731093 0.99 1524317211.5912921
2 19.742984868107335 0.99 1524317211.6820848
1 18.166019533138773 0.99 1524317211.9254262
2 17.879917237683983 0.99 1524317212.0422597
1 18.07226953296413 0.99 1524317212.2578804
2 17.10846337882515 0.99 1524317212.3739235
1 18.45967492919355 0.99 1524317212.5799985
2 18.474628542502668 0.99 1524317212.6917355
1 18.306278322462514 0.99 1524317212.9142635
2 18.967182254357613 0.99 1524317213.006338
1 17.53453454661097 0.99 1524317213.2613416
2 17.803180787345728 0.99 1524317213.3663917
1 17.85196313606942 0.99 1524317213.5861375
2 17.777362916203884 0.99 1524317213.6835988
1 18.526447390255427 0.99 1524317213.9134834
2 19.211414432546896 0.99 1524317213.9905345
1 18.273120973767945 0.99 1524317214.245772
2 17.958484742713146 0.99 1524317214.3516953
1 17.971439454651325 0.99 1524317214.5763433
2 17.63605127043286 0.99 1524317214.6707513
1 18.474918459495385 0.99 1524317214.8921936
2 18.770160769615625 0.99 1524317214.9903638
1 18.65446863072826 0.99 1524317215.2190993
2 17.50239953678549 0.99 1524317215.3556807
1 18.310108278524346 0.99 1524317215.548296
2 17.773471924985706 0.99 1524317215.6663003
1 18.205814455087886 0.99 1524317215.8815038
2 19.163990116052304 0.99 1524317215.9817777
1 17.88196191542217 0.99 1524317216.2178662
2 19.227176761677814 0.99 1524317216.291832
1 17.715335938549302 0.99 1524317216.5584238
2 18.43272790765898 0.99 1524317216.6360397
1 18.117954347502355 0.99 1524317216.8793283
2 17.67421350194928 0.99 1524317216.971203
1 18.122409913916897 0.99 1524317217.2217326
2 17.75229272572752 0.99 1524317217.311753
1 17.688388917014723 0.99 1524317217.5630534
2 18.465763186040817 0.99 1524317217.6188462
1 17.68881616310928 0.99 1524317217.8991005
2 18.742328738313773 0.99 1524317217.954128
1 18.13841638367329 0.99 1524317218.2249913
2 17.116870971614247 0.99 1524317218.318262
1 18.35527429423347 0.99 1524317218.5471663
2 17.756107423000238 0.99 1524317218.6254733
1 18.165317628840583 0.99 1524317218.8852267
2 18.685459231371926 0.99 1524317218.9616885
1 17.986957643156796 0.99 1524317219.216689
2 18.30954370332796 0.99 1524317219.281712
1 18.022022340487748 0.99 1524317219.546737
2 18.92146692224122 0.99 1524317219.5966551
1 17.958896730018605 0.99 1524317219.8933048
2 19.02907190291039 0.99 1524317219.9233387
1 17.790927979705714 0.99 1524317220.220175
2 18.418903444742604 0.99 1524317220.2490773
1 18.38454065170986 0.99 1524317220.5358112
2 17.48067102112001 0.99 1524317220.6000154
1 18.457538698720814 0.99 1524317220.8718698
2 17.706211182672916 0.99 1524317220.9243817
1 17.922092530731277 0.99 1524317221.211702
2 18.82599267889931 0.99 1524317221.237114
1 17.909931275825812 0.99 1524317221.5418687
2 18.84328088693932 0.99 1524317221.5652094
1 18.024646852211387 0.99 1524317221.8734145
2 16.990543456730514 0.99 1524317221.9415767
1 17.9491463637895 0.99 1524317222.2091055
2 17.280475708247135 0.99 1524317222.2589848
1 17.836185548149388 0.99 1524317222.5450346
2 18.743106936557435 0.99 1524317222.5858195
1 18.11276635921144 0.99 1524317222.8729904
2 18.186512086887873 0.99 1524317222.9173524
1 17.920673463345832 0.99 1524317223.2199018
2 18.381763552095308 0.99 1524317223.2464774
2 19.006824588415835 0.99 1524317223.5471346
1 17.644123169861963 0.99 1524317223.5694053
2 19.128620242939554 0.99 1524317223.863797
1 17.970234010313135 0.99 1524317223.8865035
1 17.863437745465777 0.99 1524317224.2218628
2 16.39448937847184 0.99 1524317224.2789493
1 17.99428186192045 0.99 1524317224.5482695
2 16.431476683228244 0.99 1524317224.5933313
1 18.35115442117893 0.99 1524317224.878828
2 17.39271936079995 0.99 1524317224.9707248
1 18.00746545569501 0.99 1524317225.2143779
2 17.093814941297875 0.99 1524317225.296474
1 17.820896241480302 0.99 1524317225.5489242
2 18.842624759008412 0.99 1524317225.607218
1 18.26425561730613 0.99 1524317225.8723621
2 18.782825564561094 0.99 1524317225.9330692
1 18.204883668953347 0.99 1524317226.2106802
2 18.870502566677526 0.99 1524317226.2435234
1 18.295398805840694 0.99 1524317226.5275924
2 17.726276490327482 0.99 1524317226.6103437
1 18.653980349477347 0.99 1524317226.8559275
2 16.2506752912899 0.99 1524317226.9790497
1 17.591068360192846 0.99 1524317227.2117982
2 17.440494629443627 0.99 1524317227.3004084
1 17.27122888205803 0.99 1524317227.5462604
2 18.937824344146662 0.99 1524317227.6225438
1 17.987552735931335 0.99 1524317227.8827217
2 17.908237550236727 0.99 1524317227.9694555
1 17.82201013308393 0.99 1524317228.2249458
2 17.838993165342135 0.99 1524317228.2980077
1 17.590458008629195 0.99 1524317228.5609317
2 19.167240238128695 0.99 1524317228.5972314
1 18.211338136738803 0.99 1524317228.8816545
2 18.914997195666665 0.99 1524317228.9209793
1 18.51752099863725 0.99 1524317229.2081451
2 18.415790651768067 0.99 1524317229.2476013
1 18.14117822449875 0.99 1524317229.5428886
2 18.246311281335196 0.99 1524317229.5809393
1 18.204746339851525 0.99 1524317229.8669727
2 17.80225000121119 0.99 1524317229.9199889
1 17.982441041585883 0.99 1524317230.2092562
2 18.07649621754233 0.99 1524317230.2419274
1 18.057697389382323 0.99 1524317230.5325143
2 17.98186120760044 0.99 1524317230.5873866
1 18.459934328608103 0.99 1524317230.859892
2 17.62222680751649 0.99 1524317230.9251578
1 18.34851465066619 0.99 1524317231.1837256
2 18.380802248382576 0.99 1524317231.2404554
1 18.193683717760603 0.99 1524317231.5255814
2 19.36041650801976 0.99 1524317231.5473893
1 18.144901369036916 0.99 1524317231.8465436
2 17.83090600712395 0.99 1524317231.9144335
1 17.933216187978577 0.99 1524317232.1866922
2 17.464313599214545 0.99 1524317232.2298265
1 17.844028565742146 0.99 1524317232.5235467
2 18.12639245786964 0.99 1524317232.5758746
1 18.041095826851382 0.99 1524317232.854009
2 18.218448732455176 0.99 1524317232.8932009
1 17.658481690396513 0.99 1524317233.2006342
2 19.238575077128733 0.99 1524317233.2259126
2 19.02429590192494 0.99 1524317233.5211668
1 17.545932862061882 0.99 1524317233.5424004
2 18.71733484178285 0.99 1524317233.8405282
1 17.880786988662173 0.99 1524317233.8697414
2 18.2061501484479 0.99 1524317234.1789377
1 17.584095093578274 0.99 1524317234.2197807
2 18.315113161346172 0.99 1524317234.4971645
1 17.690586182643838 0.99 1524317234.5482256
2 18.114215944175072 0.99 1524317234.8417084
1 18.446155642059008 0.99 1524317234.869492
2 18.25587854209521 0.99 1524317235.1523533
1 18.01573571938228 0.99 1524317235.2196496
2 17.21358117687251 0.99 1524317235.5402226
1 17.680149170905633 0.99 1524317235.5645037
2 17.07439050278514 0.99 1524317235.854974
1 18.283527467927954 0.99 1524317235.8767064
2 18.96092615083032 0.99 1524317236.1708014
1 18.01103601234226 0.99 1524317236.217341
2 18.447055910615372 0.99 1524317236.5066552
1 17.660877320283802 0.99 1524317236.550858
2 18.33400354224071 0.99 1524317236.826142
1 18.116016481287815 0.99 1524317236.8775737
2 18.858783816655713 0.99 1524317237.1416097
1 18.278980348778866 0.99 1524317237.2062802
2 18.834613894735675 0.99 1524317237.4621034
1 18.369800661448032 0.99 1524317237.5296834
2 17.608005616083766 0.99 1524317237.8254898
1 18.436893557080797 0.99 1524317237.8594136
2 17.50430688542184 0.99 1524317238.1524723
1 17.728641602636575 0.99 1524317238.2068863
2 18.831791018753858 0.99 1524317238.4607432
1 17.68277368262926 0.99 1524317238.5405896
2 19.008365726113993 0.99 1524317238.7784128
1 18.330814455320713 0.99 1524317238.865764
2 18.19380578807334 0.99 1524317239.1209574
1 17.964801881396784 0.99 1524317239.205457
2 17.92352685690585 0.99 1524317239.449222
1 17.910831544382177 0.99 1524317239.5305452
2 18.334476564702538 0.99 1524317239.7749279
1 18.450672243629906 0.99 1524317239.8592913
2 18.96693811373214 0.99 1524317240.0819433
1 17.656116578087424 0.99 1524317240.211605
1 17.581668946112817 0.99 1524317240.2476947
1 4 frame freq 1524317240.2493925
2 17.815479371353018 0.99 1524317240.447329
2 17.80797204712028 0.99 1524317240.476806
2 4 frame freq 1524317240.478371
1 17.338642212261714 0.99 1524317240.5451112
2 17.40390405320358 0.99 1524317240.770097
1 12.575906791865659 0.99 1524317240.8850384
2 12.233446158903556 0.99 1524317241.1279104
1 12.373117484847302 0.99 1524317241.2237265
2 12.407403983934605 0.99 1524317241.4473488
1 12.355943717725474 0.99 1524317241.5177476
2 12.596727409580215 0.99 1524317241.7230766
1 12.912866631360485 0.99 1524317241.8074234
2 13.281389276089872 0.99 1524317242.0311615
1 13.324365655564456 0.99 1524317242.1243827
2 13.722253839899329 0.99 1524317242.3189805
1 13.164728204095237 0.99 1524317242.42895
2 13.057580987098783 0.99 1524317242.6443288
1 13.114152947653377 0.99 1524317242.723068
2 13.431901971682727 0.99 1524317242.9248793
1 13.202341119204354 0.99 1524317243.0255096
2 13.145952264118849 0.99 1524317243.231412
1 13.304750482188075 0.99 1524317243.3319874
2 13.512895624177332 0.99 1524317243.5295832
1 13.102144280638823 0.99 1524317243.6383214
2 13.398195306580885 0.99 1524317243.8215196
1 13.410158197228164 0.99 1524317243.9238367
2 13.867006342610356 0.99 1524317244.097063
1 13.34453777474266 0.99 1524317244.2320664
2 14.19439892134517 0.99 1524317244.374913
1 13.29317669066261 0.99 1524317244.542032
2 13.622331659537432 0.99 1524317244.7004018
1 13.114114800680646 0.99 1524317244.837066
2 13.45573620024274 0.99 1524317244.9918966
1 13.078172722976982 0.99 1524317245.1469991
2 13.30561260377171 0.99 1524317245.2766798
1 13.278566400108053 0.99 1524317245.4458725
2 13.815874140366674 0.99 1524317245.5693927
1 13.17057232031705 0.99 1524317245.7472715
2 13.765390436659372 0.99 1524317245.8609164
1 13.304590264902625 0.99 1524317246.0516694
2 13.330080072079012 0.99 1524317246.1793365
1 13.269342462102587 0.99 1524317246.3504932
2 13.451433221719107 0.99 1524317246.46129
1 13.166452447262506 0.99 1524317246.6648943
2 13.480699579195491 0.99 1524317246.7509198
1 13.219057122653462 0.99 1524317246.9631512
2 13.537439386430089 0.99 1524317247.0629907
1 13.168924371095232 0.99 1524317247.2609768
2 13.338785211255372 0.99 1524317247.3630211
1 13.292314569078975 0.99 1524317247.5722177
2 12.9317341240714 0.99 1524317247.6786368
1 13.140970269480663 0.99 1524317247.8703141
2 13.249635735991673 0.99 1524317247.9684682
1 13.070100823547884 0.99 1524317248.1842597
2 13.439149896500908 0.99 1524317248.2542176
1 13.10707286951519 0.99 1524317248.4786634
2 13.772386591457554 0.99 1524317248.5533857
1 13.345720330897201 0.99 1524317248.7714415
2 13.746301691506625 0.99 1524317248.8428853
1 13.372697870009953 0.99 1524317249.0810428
2 13.296945611568072 0.99 1524317249.1558473
1 13.362993280148123 0.99 1524317249.3782218
2 13.309183160418995 0.99 1524317249.4516852
1 13.259302178880759 0.99 1524317249.6756582
2 13.564333002202837 0.99 1524317249.7283986
1 13.393068353446328 0.99 1524317249.9745235
2 14.075410884014167 0.99 1524317250.0096495
1 13.372896234268131 0.99 1524317250.2744386
2 14.153780024785148 0.99 1524317250.3006809
1 13.363168756222663 0.99 1524317250.5756304
2 14.193048518510633 0.99 1524317250.5974886
1 13.319299737586267 0.99 1524317250.8747752
2 13.770181696433921 0.99 1524317250.8991292
2 13.910570185464936 0.99 1524317251.1629937
1 13.191324273480713 0.99 1524317251.18319
2 13.32922557988991 0.99 1524317251.4792898
1 13.242891351213474 0.99 1524317251.5006528
2 13.664308588326561 0.99 1524317251.75996
1 13.259454766771675 0.99 1524317251.7815104
2 13.404733697706337 0.99 1524317252.0609138
1 13.348573724457198 0.99 1524317252.0831165
2 13.826967280035777 0.99 1524317252.3417628
1 13.065172234671516 0.99 1524317252.4044487
2 13.516183893226426 0.99 1524317252.6470494
1 12.712358513311218 0.99 1524317252.729821
2 13.744646112890264 0.99 1524317252.931414
1 12.583078422738383 0.99 1524317253.0409625
2 13.871965449064911 0.99 1524317253.2111201
1 12.76606945091127 0.99 1524317253.3372457
2 14.225793879899745 0.99 1524317253.4906578
1 13.06567577471151 0.99 1524317253.6457672
2 14.080766718985076 0.99 1524317253.783172
1 13.217645684662546 0.99 1524317253.9419825
2 14.005350153903205 0.99 1524317254.0623171
1 13.095666924669725 0.99 1524317254.2529993
2 13.592660944150134 0.99 1524317254.3751662
1 13.19274334086617 0.99 1524317254.5501454
2 13.684282343246572 0.99 1524317254.659612
1 13.303285638435344 0.99 1524317254.8442616
2 13.661386530215637 0.99 1524317254.9406137
1 13.410982171839079 0.99 1524317255.147552
2 13.344621698082648 0.99 1524317255.2718
1 13.483995477639139 0.99 1524317255.4402604
2 13.561739008057385 0.99 1524317255.5459652
1 13.394907037531787 0.99 1524317255.7408862
2 13.450746576210008 0.99 1524317255.8322976
1 13.421236078108178 0.99 1524317256.0454307
2 14.166177790921509 0.99 1524317256.1254845
1 13.171480218267966 0.99 1524317256.3577695
2 13.595796625308317 0.99 1524317256.4274693
1 13.16228679784068 0.99 1524317256.652853
2 13.417070428686353 0.99 1524317256.7311602
1 13.169366875978866 0.99 1524317256.953576
2 13.447305719270007 0.99 1524317257.0120525
1 13.415697137668172 0.99 1524317257.244559
2 12.94943431941687 0.99 1524317257.3542452
1 13.540216486044633 0.99 1524317257.543324
2 13.253519097815305 0.99 1524317257.6323051
1 13.659944574646547 0.99 1524317257.8317573
2 13.24701885366258 0.99 1524317257.9197452
1 13.51215557290643 0.99 1524317258.132779
2 14.163881343163327 0.99 1524317258.2009263
1 13.427270929193627 0.99 1524317258.4334953
2 13.310800592062622 0.99 1524317258.5338135
1 13.254518548500762 0.99 1524317258.7418046
2 13.25898174430985 0.99 1524317258.8231988
1 13.183710137724338 0.99 1524317259.043298
2 13.287271539284419 0.99 1524317259.1067123
1 13.276994744831692 0.99 1524317259.3365486
2 13.941331904272236 0.99 1524317259.3952632
1 13.470254938062762 0.99 1524317259.6277578
2 13.216539422453462 0.99 1524317259.7301512
1 13.74484447714844 0.99 1524317259.920463
2 12.860826531165895 0.99 1524317260.0375743
1 13.536966363968272 0.99 1524317260.2229848
2 12.769113579334899 0.99 1524317260.3383687
1 13.426340143059091 0.99 1524317260.521767
2 13.467332879951844 0.99 1524317260.6210423
1 13.194314996142536 0.99 1524317260.8242338
2 13.57265667165194 0.99 1524317260.9213767
1 13.215631524502543 0.99 1524317261.135046
2 13.225572625595287 0.99 1524317261.2427452
1 13.216043511808003 0.99 1524317261.4304314
2 13.392343560964514 0.99 1524317261.5194957
1 13.236719171026207 0.99 1524317261.7333648
2 13.57816509451375 0.99 1524317261.8049636
1 13.338937799146288 0.99 1524317262.030896
2 13.963457148454081 0.99 1524317262.1069415
1 13.32871441045537 0.99 1524317262.3291214
2 13.844575922646708 0.99 1524317262.393663
1 13.37411693739541 0.99 1524317262.6298587
2 13.228189507924375 0.99 1524317262.7128148
1 13.32930187383537 0.99 1524317262.9325206
2 13.324052850388089 0.99 1524317263.0035193
1 13.285265008518964 0.99 1524317263.2346714
2 13.33727459113537 0.99 1524317263.2852237
1 13.279924432337143 0.99 1524317263.5353549
2 12.918336907249575 0.99 1524317263.6410532
1 13.38315776993177 0.99 1524317263.8277972
2 12.93646434868959 0.99 1524317263.9305427
1 13.431291620119095 0.99 1524317264.1286476
2 12.77289775902945 0.99 1524317264.2223053
1 13.486894647566414 0.99 1524317264.4237678
2 13.822046320553959 0.99 1524317264.5085828
1 13.33013347784082 0.99 1524317264.7263258
2 13.466821710517301 0.99 1524317264.8206248
1 13.30882457887535 0.99 1524317265.0284848
2 13.58877758232649 0.99 1524317265.111499
1 13.182092706080704 0.99 1524317265.333466
2 13.711885492712046 0.99 1524317265.3854325
1 13.416742364720896 0.99 1524317265.620773
2 14.136034053072402 0.99 1524317265.6699395
1 13.49778179358278 0.99 1524317265.9230146
2 13.655008356375632 0.99 1524317265.9849906
1 13.402490655709968 0.99 1524317266.2292786
2 13.28847698362261 0.99 1524317266.2898877
1 13.263231317071673 0.99 1524317266.5276017
2 13.020425835662387 0.99 1524317266.5938559
1 13.168779412598866 0.99 1524317266.8284986
2 13.29709819945898 0.99 1524317266.8884208
1 13.193948785204343 0.99 1524317267.142269
2 12.820970574060407 0.99 1524317267.223436
1 13.264726678402592 0.99 1524317267.4313123
2 13.182817498562517 0.99 1524317267.5043678
1 13.405496637160882 0.99 1524317267.7245867
2 12.830698052105863 0.99 1524317267.8234267
1 13.576700250761021 0.99 1524317268.0219247
2 13.323846856735361 0.99 1524317268.1236687
1 13.55497173509556 0.99 1524317268.3216522
2 13.278528253135326 0.99 1524317268.405047
1 13.536523859084628 0.99 1524317268.6109037
2 13.703699152364772 0.99 1524317268.6998544
1 13.502618829724607 0.99 1524317268.9120505
2 13.925722163032226 0.99 1524317268.986045
1 13.584352533490124 0.99 1524317269.2008958
2 13.041589776131499 0.99 1524317269.3258889
1 13.487642328231868 0.99 1524317269.505954
2 13.159021416975234 0.99 1524317269.6108255
1 13.631082575081068 0.99 1524317269.791049
2 12.82385448519858 0.99 1524317269.9237254
1 13.521959344897347 0.99 1524317270.0889153
2 13.49952129553915 0.99 1524317270.2142267
1 13.46293834869366 0.99 1524317270.3946311
2 13.146867791464304 0.99 1524317270.5236802
1 13.361246148797216 0.99 1524317270.6904585
2 13.184686700226152 0.99 1524317270.8313668
1 13.338571588208106 0.99 1524317270.9871418
2 13.179025689473429 0.99 1524317271.1278176
1 13.381067315826318 0.99 1524317271.29026
2 13.706293146510225 0.99 1524317271.3990662
1 13.35409740610812 0.99 1524317271.5867953
2 13.631509821175618 0.99 1524317271.7117627
1 13.302255670171714 0.99 1524317271.8887796
2 13.439058343766371 0.99 1524317272.017478
1 13.298975030517155 0.99 1524317272.193042
2 13.121980706457014 0.99 1524317272.3145983
1 13.369356195199037 0.99 1524317272.487599
2 13.586175958786495 0.99 1524317272.5952888
1 13.356142083846295 0.99 1524317272.7860947
2 13.966562312034073 0.99 1524317272.877237
1 13.065889397758792 0.99 1524317273.10795
2 13.903413813381295 0.99 1524317273.1758866
1 13.063791314258788 0.99 1524317273.4042125
2 13.87505535385582 0.99 1524317273.4635253
1 13.120920220615199 0.99 1524317273.7017777
2 13.401338617133606 0.99 1524317273.7717981
1 13.54902080735009 0.99 1524317273.9957447
2 13.4417820376191 0.99 1524317274.069112
1 13.535417596875533 0.99 1524317274.2895293
2 13.281801263395336 0.99 1524317274.363673
1 13.517641107584609 0.99 1524317274.5900133
2 13.300172845460795 0.99 1524317274.6765492
1 13.539468805379173 0.99 1524317274.8824048
2 13.469736139233667 0.99 1524317274.9607666
1 13.349771539400843 0.99 1524317275.1881406
2 13.379533807522687 0.99 1524317275.2603061
1 13.336381951973555 0.99 1524317275.4886222
2 13.582567255166488 0.99 1524317275.558972
1 13.25783733512803 0.99 1524317275.7863643
2 13.158266106915232 0.99 1524317275.874511
1 13.366434137088126 0.99 1524317276.0880835
2 13.32544140019536 0.99 1524317276.1611798
1 13.336534539864468 0.99 1524317276.388823
2 13.480905572848222 0.99 1524317276.4485803
1 13.172105828620694 0.99 1524317276.699468
2 13.879358332379457 0.99 1524317276.7364352
1 13.15742687351523 0.99 1524317276.999255
2 13.506273309711883 0.99 1524317277.0518935
1 13.328805963189913 0.99 1524317277.2889123
2 13.562959711184654 0.99 1524317277.333879
1 13.499559442511867 0.99 1524317277.5850215
2 13.441675226095464 0.99 1524317277.6310754
1 13.678148310032014 0.99 1524317277.875578
2 14.060281794630516 0.99 1524317277.903324
1 13.36099437877721 0.99 1524317278.188579
2 14.035066645657775 0.99 1524317278.2133257
2 14.112932246388747 0.99 1524317278.4817655
1 13.34736065072447 0.99 1524317278.50375
1 13.303789178475343 0.99 1524317278.7791123
2 13.593584100890126 0.99 1524317278.800278
2 13.467157403877303 0.99 1524317279.0805526
1 13.125993767987923 0.99 1524317279.101962
2 13.654245416921091 0.99 1524317279.359696
1 13.029298821518761 0.99 1524317279.4068286
2 13.32656292119355 0.99 1524317279.6875148
1 12.993509331706003 0.99 1524317279.710954
2 13.177667657244337 0.99 1524317279.9960272
1 13.409570733848163 0.99 1524317280.0239828
2 13.134683648375203 0.99 1524317280.272342
1 13.439043084977271 0.99 1524317280.2970948
2 13.770631830712096 0.99 1524317280.560372
1 13.238229791146205 0.99 1524317280.6096315
2 13.509164850244611 0.99 1524317280.880032
1 13.270616570991681 0.99 1524317280.9025295
2 13.259637872240768 0.99 1524317281.1774156
1 13.327951471000828 0.99 1524317281.199085
2 13.202180901918897 0.99 1524317281.4692113
1 13.45649151030274 0.99 1524317281.5062833
2 13.693994562502949 0.99 1524317281.7569015
1 13.301538507084432 0.99 1524317281.805601
2 13.28544811398806 0.99 1524317282.0811925
1 13.232439080686193 0.99 1524317282.1064098
2 13.207902947827993 0.99 1524317282.375142
1 13.359041253773574 0.99 1524317282.3969698
2 12.87607769086226 0.99 1524317282.6873972
1 13.462457696837292 0.99 1524317282.7082038
2 13.367075006229948 0.99 1524317282.9788895
1 13.52429393962826 0.99 1524317283.0024297
2 13.516756097817336 0.99 1524317283.2667274
1 13.444231073268192 0.99 1524317283.2908487
2 13.312204400658995 0.99 1524317283.5898776
1 13.284700433322602 0.99 1524317283.6132321
2 13.504381219864605 0.99 1524317283.8667858
1 13.311258355735351 0.99 1524317283.8985968
2 13.177156487809789 0.99 1524317284.175449
1 13.253564874182578 0.99 1524317284.2004015
2 13.767900507464827 0.99 1524317284.4619286
1 13.41496471579181 0.99 1524317284.4913175
2 13.383165399326323 0.99 1524317284.763541
1 13.484399835550038 0.99 1524317284.7853343
2 13.174516717297054 0.99 1524317285.0846052
1 13.285890618871699 0.99 1524317285.1050632
2 13.011392632520561 0.99 1524317285.3827403
1 13.301569024662617 0.99 1524317285.4071338
2 13.146593133260675 0.99 1524317285.6782136
1 13.159212151838867 0.99 1524317285.6993697
2 13.713159601601145 0.99 1524317285.96011
1 13.38793377091724 0.99 1524317285.9982338
2 13.989267390201364 0.99 1524317286.2404277
1 13.216028253018917 0.99 1524317286.303848
2 14.318429988470733 0.99 1524317286.5150604
1 13.274591485549863 0.99 1524317286.6020985
2 13.318079034458993 0.99 1524317286.86381
1 13.32193187870446 0.99 1524317286.8958673
2 13.013406792680568 0.99 1524317287.1619666
1 13.325288812304454 0.99 1524317287.2047377
2 12.865106621505896 0.99 1524317287.4470103
1 13.182008782740702 0.99 1524317287.511197
2 13.789522211606663 0.99 1524317287.7310622
1 13.286279717993509 0.99 1524317287.800292
2 14.035272639310502 0.99 1524317288.0174017
1 13.061235467086055 0.99 1524317288.1295846
2 13.310289422628083 0.99 1524317288.3483045
1 13.012743035355102 0.99 1524317288.4387085
2 12.884447136678643 0.99 1524317288.6617293
1 12.761064568089441 0.99 1524317288.7389169
2 12.890581169893192 0.99 1524317288.9482226
1 12.974710503545985 0.99 1524317289.0471566
2 13.685785333972031 0.99 1524317289.2258987
1 13.300569573977167 0.99 1524317289.336789
2 14.317049068058006 0.99 1524317289.4996073
1 13.429552118162727 0.99 1524317289.6359546
2 13.218393365327998 0.99 1524317289.8554807
1 13.58050731863921 0.99 1524317289.9304833
2 13.113679925191557 0.99 1524317290.1409016
1 13.316156427033542 0.99 1524317290.237714
2 12.986780205716897 0.99 1524317290.424316
