2 10.644144092954967 0.99 1524317728.0725281
2 10.908479725771553 0.99 1524317728.336622
2 10.646883045596793 0.99 1524317728.6348746
1 10.532938038060333 0.99 1524317728.6581721
2 10.56184581399308 0.99 1524317728.899092
1 10.709222828427743 0.99 1524317728.9410312
2 10.521287952589415 0.99 1524317729.2136621
1 10.536058460429421 0.99 1524317729.2378228
2 10.507524524829398 0.99 1524317729.4778166
1 10.539728199205785 0.99 1524317729.5343003
2 10.544137989253068 0.99 1524317729.7723954
1 10.379228626152926 0.99 1524317729.812555
2 10.544405018062156 0.99 1524317730.0376306
1 10.38352397528202 0.99 1524317730.0972807
2 10.891450917146077 0.99 1524317730.3150733
1 10.514612232362131 0.99 1524317730.3785424
2 10.520769153760314 0.99 1524317730.6189125
1 10.581171070376728 0.99 1524317730.6621315
2 10.789651905725991 0.99 1524317730.883732
1 10.526514087853053 0.99 1524317730.9532046
2 10.898019825849717 0.99 1524317731.1394243
1 10.433298145296604 0.99 1524317731.2528315
2 10.73951152477323 0.99 1524317731.4329438
1 10.438715015423886 0.99 1524317731.5320475
2 10.248521838800098 0.99 1524317731.790883
1 10.453645740549359 0.99 1524317731.8115366
2 10.263155017538281 0.99 1524317732.0534832
1 10.562448536162174 0.99 1524317732.0911338
2 10.022920642090815 0.99 1524317732.3379915
1 10.663766895725896 0.99 1524317732.3719149
1 10.719621693193217 0.99 1524317732.65453
2 9.650011095497781 0.99 1524317732.6769342
1 10.597490345309467 0.99 1524317732.943227
2 10.416307483643862 0.99 1524317732.9646807
2 10.296999011741955 0.99 1524317733.2183442
1 10.549852405767611 0.99 1524317733.24056
2 10.401392017307487 0.99 1524317733.4913647
1 10.535898243143969 0.99 1524317733.5168617
1 10.507989917896676 0.99 1524317733.7924755
2 10.72873119028049 0.99 1524317733.8140235
1 10.598108326267662 0.99 1524317734.0768697
2 10.510248218682127 0.99 1524317734.1030781
1 10.588853870684014 0.99 1524317734.357566
2 10.334260974701978 0.99 1524317734.379351
1 10.716554676585933 0.99 1524317734.632702
2 9.951112780628945 0.99 1524317734.6981664
1 10.661760364960431 0.99 1524317734.9151618
2 10.245500598560088 0.99 1524317734.9654946
1 10.700487171673188 0.99 1524317735.1946905
2 10.379335437676561 0.99 1524317735.2418907
1 10.73405650767322 0.99 1524317735.485067
2 10.488222156629382 0.99 1524317735.5311368
1 10.536859546856695 0.99 1524317735.7722657
2 10.953004872338862 0.99 1524317735.7976897
2 11.10340312701353 0.98 1524317736.0490053
1 10.535623584940325 0.99 1524317736.0703838
1 10.500757251867578 0.99 1524317736.3373952
2 10.67878917358591 0.98 1524317736.3673327
1 10.611963306762206 0.99 1524317736.6133316
2 10.746553455938681 0.98 1524317736.6372192
1 10.642061268244055 0.99 1524317736.8992217
2 10.59898570664039 0.98 1524317736.9271357
1 10.679498707278638 0.99 1524317737.1818821
2 10.48599437342211 0.98 1524317737.203178
1 10.676996265867727 0.99 1524317737.4651601
2 10.910448109564271 0.98 1524317737.4873242
1 10.555139576187619 0.99 1524317737.745005
2 10.671701466053177 0.98 1524317737.767371
1 10.675523792720442 0.99 1524317738.025323
2 10.842645680238766 0.98 1524317738.0476336
1 10.697206532018653 0.99 1524317738.3024533
2 10.56166270852399 0.98 1524317738.3310869
1 10.724832569667758 0.99 1524317738.585101
2 10.448053394347536 0.98 1524317738.6115475
1 10.712221180484107 0.99 1524317738.8643086
2 10.777597462344172 0.98 1524317738.8862624
1 10.6807194104059 0.99 1524317739.151924
2 10.540590320789425 0.98 1524317739.1733425
1 10.627748524076775 0.99 1524317739.4311
2 10.798822437969642 0.98 1524317739.45642
1 10.619051014294945 0.99 1524317739.713189
2 10.690774952416817 0.98 1524317739.734857
1 10.646356617373154 0.99 1524317739.993932
2 10.281503711420124 0.98 1524317740.042033
1 10.658968006556803 0.99 1524317740.2707145
2 10.321702991280148 0.98 1524317740.3296876
1 10.732858692729579 0.99 1524317740.5493548
2 10.250894580503733 0.98 1524317740.6136703
1 10.70419505742229 0.99 1524317740.832976
2 10.543550525873064 0.98 1524317740.8715563
1 10.586824451734913 0.99 1524317741.1254718
2 11.013139760146176 0.97 1524317741.1479235
1 10.580888782778551 0.99 1524317741.4103756
2 10.57965282086219 0.97 1524317741.4640884
1 10.628290211089492 0.99 1524317741.676841
2 10.662469898653168 0.97 1524317741.7371857
1 10.6242466319804 0.99 1524317741.966752
2 10.42120555494205 0.97 1524317742.0235715
1 10.725175892422305 0.99 1524317742.2448559
2 10.226045642469169 0.97 1524317742.3051746
1 10.676851307371358 0.99 1524317742.5299745
2 10.805521046380555 0.97 1524317742.575045
1 10.63488200797678 0.99 1524317742.8054242
2 10.4174213752475 0.97 1524317742.8871608
1 10.710573231262293 0.99 1524317743.0840023
2 10.153085742430918 0.97 1524317743.205963
1 10.59176829940038 0.99 1524317743.374049
2 10.255159412054645 0.97 1524317743.4766212
1 10.721788441244119 0.99 1524317743.6535556
2 10.183679614558224 0.97 1524317743.753158
1 10.607400928824033 0.99 1524317743.9357567
2 10.09224132093087 0.97 1524317744.075709
1 10.57026103617673 0.99 1524317744.2194211
2 10.387178455269293 0.97 1524317744.3619146
1 10.723215138024123 0.99 1524317744.4939501
2 10.293748889665581 0.97 1524317744.6416588
1 10.594446216885835 0.99 1524317744.781814
2 10.01790812987445 0.97 1524317744.951024
1 10.64009288445133 0.99 1524317745.0638702
2 10.460489307456633 0.97 1524317745.2231038
1 10.580415760316727 0.99 1524317745.3551378
2 10.272058520972843 0.97 1524317745.531095
1 10.537256275373055 0.99 1524317745.6327927
2 10.344759021596532 0.97 1524317745.8012507
1 10.380739246272936 0.99 1524317745.9359853
2 10.711526905580476 0.97 1524317746.0709157
1 10.412805591547507 0.99 1524317746.2156916
2 10.332216296963805 0.97 1524317746.3836663
1 10.440378223434797 0.99 1524317746.5013924
2 10.442918811818434 0.97 1524317746.680606
1 10.539613758287613 0.99 1524317746.7751122
2 10.12422374286545 0.97 1524317746.9879494
1 10.795259510716905 0.99 1524317747.055474
2 10.095964465469065 0.97 1524317747.2597597
1 10.714044605780485 0.99 1524317747.3453286
2 10.32806590633107 0.97 1524317747.5450613
1 10.647836719914974 0.99 1524317747.627788
2 10.297037158714684 0.97 1524317747.8458765
1 10.516725574651225 0.99 1524317747.914864
2 10.534494434547605 0.97 1524317748.125916
1 10.475725208363922 0.99 1524317748.1929793
2 10.170274768341844 0.97 1524317748.4405189
1 10.582368885320365 0.99 1524317748.4746602
2 10.355333362436541 0.97 1524317748.7051673
1 10.747781788460502 0.99 1524317748.7467458
2 10.659326588100438 0.97 1524317748.97129
1 10.689607655051361 0.99 1524317749.0386214
2 10.62397960317131 0.97 1524317749.2553914
1 10.687921558856816 0.99 1524317749.315641
2 10.86564830479333 0.97 1524317749.5445688
1 10.687364613055005 0.99 1524317749.5956266
2 10.778856312444175 0.97 1524317749.817335
1 10.501657520423946 0.99 1524317749.8876104
2 10.715356861642302 0.97 1524317750.090311
1 10.529985462371242 0.99 1524317750.1770566
2 10.347581897578356 0.97 1524317750.4179177
1 10.516168628849412 0.99 1524317750.458054
2 10.561319385769442 0.97 1524317750.681352
1 10.384370838076563 0.99 1524317750.754539
2 10.222215686407338 0.97 1524317750.9916637
1 10.491151844134833 0.99 1524317751.0335047
2 10.061494860912662 0.97 1524317751.2824068
1 10.55996898293489 0.99 1524317751.3114932
2 10.360353504047461 0.97 1524317751.5770319
1 10.619272266736761 0.99 1524317751.598952
2 10.120065722838174 0.97 1524317751.8684983
1 10.64380077020042 0.99 1524317751.890655
2 10.508379017018497 0.97 1524317752.1338842
1 10.673273121329531 0.99 1524317752.155619
2 10.68250468872954 0.97 1524317752.4052827
1 10.642175709162235 0.99 1524317752.4387107
1 10.69916728641683 0.99 1524317752.7101328
2 10.433992420200251 0.97 1524317752.7315798
2 10.662599598360435 0.97 1524317752.9926267
1 10.699739491007733 0.99 1524317753.0135942
1 10.670084034409532 0.99 1524317753.2809942
2 10.297327075707411 0.97 1524317753.3031902
1 10.730295216162316 0.99 1524317753.556693
2 10.197710071127327 0.97 1524317753.5826888
1 10.6346683849295 0.99 1524317753.840979
2 10.641366993340416 0.97 1524317753.864519
1 10.661218677947701 0.99 1524317754.1287665
2 10.205369983250966 0.97 1524317754.166884
1 10.60646251329494 0.99 1524317754.412786
2 10.486238514047558 0.97 1524317754.4440818
1 10.691339527613193 0.99 1524317754.6819289
2 10.6485309948186 0.97 1524317754.7089567
1 10.597368274996741 0.99 1524317754.9723701
2 10.13087657490909 0.97 1524317755.0397692
1 10.571954761765816 0.99 1524317755.257477
2 10.291330371594677 0.97 1524317755.332924
1 10.60760692247675 0.99 1524317755.5486093
2 10.170618091096388 0.97 1524317755.6226401
1 10.405534778545677 0.99 1524317755.8323085
2 10.099443469381786 0.97 1524317755.8967636
1 10.464120899260267 0.99 1524317756.118701
2 10.641824757013152 0.97 1524317756.16707
1 10.543108020989427 0.99 1524317756.3962915
2 10.421251331309332 0.97 1524317756.485374
1 10.654603992876796 0.99 1524317756.6723042
2 10.60984233507858 0.97 1524317756.7541535
1 10.68429759644773 0.99 1524317756.9655569
2 10.632677112953134 0.97 1524317757.0244586
1 10.560533558131263 0.99 1524317757.2546308
2 10.336732898534716 0.97 1524317757.3263829
1 10.592432056725826 0.99 1524317757.530942
2 10.799692188947823 0.97 1524317757.595996
1 10.467050586765735 0.99 1524317757.8138375
2 10.361429248678371 0.97 1524317757.9120119
1 10.557977710958534 0.99 1524317758.0948935
2 10.357492481092917 0.97 1524317758.1825018
1 10.514352832947589 0.99 1524317758.3962324
2 10.228448901750992 0.97 1524317758.498572
1 10.584001575753094 0.99 1524317758.6646237
2 10.23703960000917 0.97 1524317758.7690094
1 10.57195476176581 0.99 1524317758.9521718
2 10.283052478512843 0.97 1524317759.0788546
1 10.454011951487532 0.99 1524317759.2414668
2 10.260919604936463 0.97 1524317759.3530054
1 10.62882426870768 0.99 1524317759.52934
2 10.66008189816044 0.97 1524317759.6244063
1 10.629831348787675 0.99 1524317759.7940972
2 10.315683398983781 0.97 1524317759.9331334
1 10.580987964907647 0.99 1524317760.0854042
2 10.755289112693237 0.97 1524317760.196654
1 10.61421397815313 0.99 1524317760.3736405
2 10.564577137240358 0.97 1524317760.4886398
1 10.68676952028046 0.99 1524317760.6491904
2 10.515405689394866 0.97 1524317760.7641678
1 10.466150318209362 0.99 1524317760.940087
2 10.87697795569334 0.97 1524317761.036699
1 10.62720683706405 0.99 1524317761.215129
2 10.563119922882176 0.97 1524317761.3312116
1 10.703187977342294 0.99 1524317761.4968333
2 10.645357166687688 0.97 1524317761.6174808
1 10.571031605025809 0.99 1524317761.7806315
2 10.643098865902244 0.97 1524317761.8914855
1 10.6293812145095 0.99 1524317762.0679038
2 10.194955859696417 0.97 1524317762.2130933
1 10.51194957366576 0.99 1524317762.3551393
2 10.377733264822016 0.97 1524317762.486715
1 10.522302662063955 0.99 1524317762.636087
2 10.127885852247273 0.97 1524317762.8006454
1 10.481233631225738 0.99 1524317762.9316459
2 10.213701282094611 0.97 1524317763.0664685
1 10.477541004265737 0.99 1524317763.213987
2 10.564020191438543 0.97 1524317763.350029
1 10.53354076022942 0.99 1524317763.4939508
2 10.438104663860246 0.97 1524317763.6365473
1 10.499094043856662 0.99 1524317763.7764237
2 10.7652683607587 0.97 1524317763.9152586
1 10.638483082202233 0.99 1524317764.0561461
2 10.727228199555041 0.97 1524317764.1843808
1 10.674303089593176 0.99 1524317764.3361716
2 10.362566028465645 0.97 1524317764.5135741
1 10.726434742522306 0.99 1524317764.6145134
2 10.508394275807584 0.97 1524317764.7786977
1 10.695779835238644 0.99 1524317764.8968165
2 10.053483996639937 0.97 1524317765.1088362
1 10.675386463618624 0.99 1524317765.1775634
2 10.010408435036265 0.97 1524317765.3830805
1 10.60588267930948 0.99 1524317765.4741871
2 10.336481128514707 0.97 1524317765.6675754
1 10.508333240651211 0.99 1524317765.7573175
2 10.09755137953452 0.97 1524317765.9679923
1 10.537408863263972 0.99 1524317766.036272
2 10.594827686613106 0.97 1524317766.2414074
1 10.508470569753037 0.99 1524317766.3237762
2 10.272851978005574 0.97 1524317766.5524366
1 10.56797984720763 0.99 1524317766.6062593
2 10.423463855727505 0.97 1524317766.8201704
1 10.55689433693307 0.99 1524317766.8921983
2 10.226930652236437 0.97 1524317767.143011
1 10.61841014515312 0.99 1524317767.1667325
2 10.228487048723709 0.97 1524317767.4148936
1 10.691179310327737 0.99 1524317767.4434426
2 10.586786304762187 0.97 1524317767.6855004
1 10.737642323109588 0.99 1524317767.7206583
1 10.823473011746026 0.99 1524317768.0035465
2 10.082254443470864 0.97 1524317768.0255537
1 10.832033192426026 0.99 1524317768.2750463
2 10.39438060372022 0.97 1524317768.2968917
1 10.677804981689537 0.99 1524317768.5716205
2 10.045114550823568 0.97 1524317768.6093903
1 10.507417713305768 0.99 1524317768.8651264
2 9.853372607107035 0.97 1524317768.9034677
1 10.449045215638446 0.99 1524317769.154463
2 10.176210437298215 0.97 1524317769.188388
1 10.420091663338422 0.99 1524317769.4270396
2 10.306009326700138 0.97 1524317769.4612694
1 10.644304310240416 0.99 1524317769.6941621
2 10.268922839814659 0.97 1524317769.777366
1 10.788072621055088 0.99 1524317769.975819
2 10.110017810221793 0.97 1524317770.0894005
1 10.803094898915091 0.99 1524317770.2585583
2 9.935754809408932 0.97 1524317770.3969686
1 10.784189259231445 0.99 1524317770.5410337
2 9.798769030345174 0.97 1524317770.6861796
1 10.669565235580444 0.99 1524317770.8182557
2 9.96509746083077 0.97 1524317770.9835765
1 10.669076954329533 0.99 1524317771.1053102
2 10.111726794599981 0.97 1524317771.2763531
1 10.668260609113172 0.99 1524317771.3888986
2 10.239831958412816 0.97 1524317771.5685623
1 10.744836842165956 0.99 1524317771.6571417
2 10.109079394692706 0.97 1524317771.8731353
1 10.713739429998663 0.99 1524317771.9410124
2 10.408014331772955 0.97 1524317772.134931
1 10.660554920622255 0.99 1524317772.2321196
2 10.581750904362186 0.97 1524317772.4103541
1 10.533746753882154 0.99 1524317772.5242336
2 10.781976734813265 0.97 1524317772.6793358
1 10.372133289225657 0.99 1524317772.8143318
2 10.768381153733252 0.97 1524317772.987036
1 10.413377796138418 0.99 1524317773.0926375
2 10.647409473820426 0.97 1524317773.2625232
1 10.405313526103855 0.99 1524317773.3813307
2 10.44684032061481 0.97 1524317773.5595899
1 10.578455005918544 0.99 1524317773.657506
2 10.322908435618332 0.97 1524317773.8420608
1 10.576990162165826 0.99 1524317773.9495785
2 10.359209094865635 0.97 1524317774.1458755
1 10.468606983253006 0.99 1524317774.23827
2 10.408441577867492 0.97 1524317774.4142737
1 10.538850818833065 0.99 1524317774.516983
2 10.513948475036678 0.97 1524317774.700503
1 10.452791248360262 0.99 1524317774.8045015
2 10.346162830192906 0.97 1524317775.001808
1 10.51011088958031 0.99 1524317775.091829
2 10.458444629718453 0.97 1524317775.2935472
1 10.599062000585842 0.99 1524317775.3712811
2 10.181283984670946 0.97 1524317775.5940077
1 10.509424244071214 0.99 1524317775.6699984
2 10.118722949398167 0.97 1524317775.8868413
1 10.497758899811211 0.99 1524317775.9508884
2 10.466287647311178 0.97 1524317776.14798
1 10.46613505942028 0.99 1524317776.2359579
2 10.246561084401907 0.97 1524317776.4637482
1 10.449029956849357 0.99 1524317776.5205455
2 10.449350391420259 0.97 1524317776.7444758
1 10.473825489122095 0.99 1524317776.8068743
2 10.714159046698663 0.97 1524317777.0063763
1 10.50813487639303 0.99 1524317777.0937424
1 6 frame freq 1524317777.095238
2 10.683374439707727 0.97 1524317777.2715466
2 6 frame freq 1524317777.2729752
1 12.994096795085998 0.98 1524317777.4408202
2 13.43704418360637 0.96 1524317777.6372514
1 17.31912622101444 0.97 1524317777.7853081
2 17.335178467138068 0.95 1524317777.9660861
1 17.757038209134777 0.96 1524317778.1162996
2 17.93196496727311 0.94 1524317778.3038502
1 17.944858644054936 0.95 1524317778.4536204
2 17.424335571796334 0.93 1524317778.651937
1 17.754261109520243 0.94 1524317778.7948968
2 16.950244994741382 0.92 1524317779.014514
1 17.79750451780391 0.93 1524317779.1266425
2 16.439060301406414 0.91 1524317779.3821115
1 17.661045166963795 0.92 1524317779.473754
2 16.354068846169998 0.9 1524317779.7457066
1 17.26283654805802 0.91 1524317779.8234048
2 15.292223020069724 0.89 1524317780.1711419
1 17.172092529334318 0.9 1524317780.1939206
1 17.100086303614233 0.89 1524317780.525628
2 15.129312558340496 0.88 1524317780.5470462
1 16.541034788901044 0.88 1524317780.8965461
2 15.800882383810139 0.87 1524317780.9277437
1 16.555912108264717 0.87 1524317781.248227
2 15.522050901357176 0.86 1524317781.3138847
1 16.989002319032323 0.86 1524317781.6044154
2 15.607408567531797 0.85 1524317781.6989517
1 16.533405394355594 0.85 1524317781.976949
2 15.683496519333685 0.84 1524317782.077287
1 16.159565061628026 0.84 1524317782.3460965
2 15.642267271210002 0.83 1524317782.4632263
1 16.34053430024634 0.83 1524317782.7092597
2 15.460756345578949 0.82 1524317782.8534615
1 16.170841306766192 0.82 1524317783.087881
2 15.638658567590006 0.81 1524317783.2302532
1 15.841653868261085 0.81 1524317783.465841
2 15.559480710997217 0.8 1524317783.6245615
1 15.906854674046592 0.8 1524317783.8435373
2 15.106851620798654 0.79 1524317784.0269353
1 15.901773497279315 0.79 1524317784.218931
2 14.736444515616531 0.78 1524317784.438116
1 15.671236082299124 0.78 1524317784.6105733
2 14.447740596621749 0.77 1524317784.8554053
1 15.111490292682298 0.77 1524317785.0165997
2 14.762491268594742 0.76 1524317785.2526822
1 14.948801083394885 0.76 1524317785.4097285
2 15.079599423482268 0.75 1524317785.6502473
1 15.095788998707741 0.75 1524317785.810146
2 14.987520260713104 0.74 1524317786.0533094
1 14.956308407627628 0.74 1524317786.2139444
2 15.028070492722232 0.73 1524317786.4515893
1 15.09482769499501 0.73 1524317786.6047776
2 14.940431637578518 0.72 1524317786.8561497
1 14.979700131304009 0.72 1524317787.012647
2 14.82159618813842 0.71 1524317787.2584367
1 14.603464168689147 0.71 1524317787.4266605
2 14.907686276189398 0.7 1524317787.6634228
1 14.302522700843449 0.7 1524317787.8531604
2 14.855516476287534 0.69 1524317788.0663877
1 13.97975353520318 0.69 1524317788.28336
2 14.648027462229184 0.68 1524317788.4850163
1 13.629251520390165 0.68 1524317788.7350793
2 14.578439754580037 0.67 1524317788.891036
1 13.394090692315425 0.67 1524317789.1785572
2 13.960046809092258 0.66 1524317789.338654
1 13.581720392371935 0.66 1524317789.616335
2 13.575822870388306 0.65 1524317789.775152
1 13.064294854298787 0.65 1524317790.1002586
2 13.726579706606607 0.64 1524317790.2149265
1 12.629938164036608 0.64 1524317790.5668213
2 13.859895746893987 0.63 1524317790.6396942
1 12.519372978283787 0.63 1524317791.0576525
2 13.3576527039663 0.62 1524317791.1176589
1 12.33434490176728 0.62 1524317791.5395784
2 12.93934063043323 0.61 1524317791.5687218
2 13.153871575657046 0.6 1524317792.024844
1 12.3785877607364 0.61 1524317792.0459795
2 13.444414178737281 0.59 1524317792.460376
1 12.136919059114385 0.6 1524317792.5302486
2 13.834421198506696 0.58 1524317792.891211
1 11.857034720214152 0.59 1524317793.0382662
2 13.071908990055153 0.57 1524317793.3782067
1 11.731081045663139 0.58 1524317793.552753
2 12.649675407725715 0.56 1524317793.8397667
1 11.453638113017451 0.57 1524317794.0882404
2 12.98486522768599 0.55 1524317794.301185
1 11.461160696039281 0.56 1524317794.5983896
2 13.102167168822447 0.54 1524317794.7577574
1 11.380151784755572 0.55 1524317795.1401105
2 12.983194390280541 0.53 1524317795.226318
2 12.897760430160465 0.52 1524317795.6869247
1 10.72003368049867 0.55 1524317795.7260122
2 12.316881217652718 0.51 1524317796.2019033
1 10.413660083736588 0.55 1524317796.2973478
2 11.914087332625106 0.5 1524317796.6946125
1 10.325593982498333 0.55 1524317796.8786702
2 12.043840445659761 0.49 1524317797.2041662
1 10.68663982057319 0.55 1524317797.416216
2 11.722757376214034 0.48 1524317797.716347
1 10.860750233495143 0.55 1524317797.9842062
2 11.601755178723028 0.47 1524317798.2335045
1 10.791338001920538 0.55 1524317798.5300653
2 11.513116872893873 0.46 1524317798.7592576
1 11.004205739133445 0.54 1524317799.0741816
2 11.158884084148125 0.45 1524317799.3066704
1 10.863191639749688 0.54 1524317799.6340008
2 11.147974049948116 0.44 1524317799.8382075
1 10.858980213960598 0.54 1524317800.1785457
2 10.632371937171314 0.44 1524317800.4344797
1 10.819459950215112 0.54 1524317800.7438726
2 10.27815440721466 0.44 1524317801.0374434
1 10.797594105447827 0.54 1524317801.2906845
2 10.156511340581835 0.44 1524317801.6154609
1 10.960313832313403 0.54 1524317801.8479714
2 10.25379375043101 0.44 1524317802.1761315
1 10.830377613809672 0.54 1524317802.3982196
2 10.252786670351002 0.44 1524317802.786018
1 10.643907581724063 0.54 1524317802.963288
2 10.019594226068993 0.44 1524317803.373366
1 10.780038868598716 0.54 1524317803.5115051
2 10.471254383160273 0.44 1524317803.9329216
1 10.796342884742364 0.54 1524317804.0745265
2 10.712656055973202 0.44 1524317804.4946315
1 10.797632252420545 0.54 1524317804.6270494
2 10.56151775002763 0.44 1524317805.0682452
1 10.94503978443339 0.54 1524317805.17578
2 10.404184375711132 0.44 1524317805.6472576
1 10.8193912856642 0.54 1524317805.7340257
2 10.49042705165302 0.44 1524317806.2138238
1 10.636285816573144 0.54 1524317806.2990623
2 11.001260792838893 0.43 1524317806.7394304
1 10.56698802591672 0.54 1524317806.8698227
2 10.780450855904173 0.43 1524317807.3253727
1 10.826952015658748 0.54 1524317807.409557
2 10.235292468658269 0.43 1524317807.9097195
1 11.076334035166232 0.53 1524317807.95392
2 10.452554737129358 0.43 1524317808.4752715
1 10.770051991138711 0.53 1524317808.536683
2 10.69139293337501 0.43 1524317809.0470366
1 10.472627674178456 0.53 1524317809.1059837
2 10.331728015712883 0.43 1524317809.6455066
1 10.06443980720721 0.53 1524317809.7143216
2 9.974885974032595 0.43 1524317810.238744
1 10.056840930239932 0.53 1524317810.2910547
2 10.270288501438298 0.43 1524317810.8034658
1 10.491205249896655 0.53 1524317810.8576972
2 10.388147388376568 0.43 1524317811.397302
1 10.279031787587396 0.53 1524317811.4572861
2 10.448228870422083 0.43 1524317811.9547536
1 9.966104540910774 0.53 1524317812.0758893
2 10.515848194278497 0.43 1524317812.560234
1 9.956728015014404 0.53 1524317812.662119
2 10.193452868970951 0.43 1524317813.1308692
1 10.29079631397649 0.53 1524317813.232669
2 10.201646838712783 0.43 1524317813.710422
1 10.291490588880132 0.53 1524317813.8294518
2 10.220918689334615 0.43 1524317814.3045988
1 10.196977649250956 0.53 1524317814.4161582
2 10.221071277225521 0.43 1524317814.8816469
1 10.441637073534801 0.53 1524317814.977418
2 10.367372547029282 0.43 1524317815.4669929
1 10.56230357766581 0.53 1524317815.543385
2 9.9363041258162 0.43 1524317816.0912988
1 10.578424488340367 0.53 1524317816.1257796
2 9.904283556908894 0.43 1524317816.6751442
1 10.055887255921759 0.53 1524317816.7366927
2 10.208734546245521 0.43 1524317817.2641351
1 10.018388781730813 0.53 1524317817.30965
2 10.27025035446556 0.43 1524317817.8441715
1 10.163904223896392 0.53 1524317817.9176555
2 10.352716480107453 0.43 1524317818.4251447
1 10.27781108446012 0.53 1524317818.4782643
2 10.519968067333041 0.43 1524317818.9839218
1 10.105226550447243 0.53 1524317819.104021
2 10.40180400461295 0.43 1524317819.576976
1 9.996324572705346 0.53 1524317819.6783946
2 9.979349169841695 0.43 1524317820.1847303
1 10.477922473993011 0.53 1524317820.2510996
2 10.516962085882135 0.43 1524317820.718412
1 10.481584583374834 0.53 1524317820.836565
2 10.66012767452771 0.43 1524317821.3126042
1 10.264497790978286 0.53 1524317821.4185634
2 10.197229419270965 0.43 1524317821.8932605
1 10.079385791121773 0.53 1524317822.0141308
2 9.95560649401622 0.43 1524317822.5145836
1 10.294992480976491 0.53 1524317822.583851
2 10.18860057404004 0.43 1524317823.0762904
1 10.465585743013003 0.53 1524317823.1609235
2 10.038164172392644 0.43 1524317823.709899
1 10.331041370203797 0.53 1524317823.7477336
1 10.287019763676494 0.53 1524317824.3295908
2 9.508783373066759 0.43 1524317824.351482
2 10.085489306758134 0.43 1524317824.901576
1 10.14675334495819 0.53 1524317824.9266865
1 10.411203418692955 0.53 1524317825.4864118
2 10.27665141648921 0.43 1524317825.506318
1 10.822984730495111 0.53 1524317826.034817
2 10.093927417125414 0.43 1524317826.100008
1 10.498315845613028 0.53 1524317826.6291635
2 10.35251048645473 0.43 1524317826.6593764
1 10.221902881230982 0.53 1524317827.2089531
2 10.489824329483927 0.43 1524317827.2330675
1 7.398236288499531 0.577 1524317827.772575
1 4 frame freq 1524317827.7745314
2 7.468308462702317 0.487 1524317827.7965615
2 4 frame freq 1524317827.7982316
2 7.599087729303333 0.5383 1524317828.2870562
1 7.391037954745885 0.6193 1524317828.3079965
2 8.113733321640153 0.5844666666666667 1524317828.717798
1 7.593903555709687 0.6573666666666667 1524317828.7915304
2 8.866334946577132 0.626 1524317829.1501467
1 8.271959335118453 0.6916 1524317829.2217095
2 9.578439745266818 0.626 1524317829.5379438
1 9.00551799126997 0.6916 1524317829.6351366
2 9.824457201779746 0.626 1524317829.9352744
1 9.624979051994126 0.6916 1524317830.0369327
2 10.144601855696372 0.626 1524317830.3323154
1 9.93454936507074 0.6916 1524317830.4311423
2 10.141077075416371 0.626 1524317830.720443
1 10.008722338841709 0.6916 1524317830.8345196
2 10.160959277601846 0.626 1524317831.114506
1 9.975603137119874 0.6916 1524317831.2422926
2 10.050951037650837 0.626 1524317831.529107
1 9.927705798163467 0.6916 1524317831.6385937
2 10.116289172538163 0.626 1524317831.9079812
1 9.732210192330577 0.6916 1524317832.073963
2 9.87471965304524 0.626 1524317832.3287053
1 9.746316942845139 0.6916 1524317832.4731247
2 9.811693224705184 0.626 1524317832.751548
1 9.624162706777755 0.6916 1524317832.8904443
2 9.64517405935596 0.626 1524317833.15074
1 9.839914355128842 0.6916 1524317833.2869234
2 9.81884196739429 0.626 1524317833.5512292
1 9.88682750218889 0.6916 1524317833.6854875
2 10.04239848636538 0.626 1524317833.947446
1 9.88740733617434 0.6916 1524317834.0992055
2 10.037179980496283 0.626 1524317834.347766
1 9.93600657942893 0.6916 1524317834.494331
2 9.94610026841257 0.626 1524317834.7573996
1 9.771051439961512 0.6916 1524317834.912982
2 9.88166240208161 0.626 1524317835.1590564
1 9.825853380981568 0.6916 1524317835.3207314
2 9.867143664261603 0.626 1524317835.5668502
1 9.690446886588726 0.6916 1524317835.740914
2 9.88485911839616 0.626 1524317835.9715123
1 9.693864855345096 0.6916 1524317836.151433
2 9.68452647642145 0.626 1524317836.3985085
1 9.603670153028645 0.6916 1524317836.5699515
2 9.800928149001537 0.626 1524317836.7884226
1 9.453996690835796 0.6916 1524317837.0020602
2 10.049463305714479 0.626 1524317837.16568
1 9.550447496679523 0.6916 1524317837.4093285
2 10.22572520789826 0.626 1524317837.5745153
1 9.548952135348603 0.6916 1524317837.8313892
2 10.15440562768729 0.626 1524317837.968405
1 9.695360216675999 0.6916 1524317838.239567
2 9.674348864097794 0.626 1524317838.4063363
1 9.564813646608616 0.6916 1524317838.663174
2 9.682168993506904 0.626 1524317838.812865
1 9.708704027736013 0.6916 1524317839.0621593
2 9.613412889863211 0.626 1524317839.217056
1 9.775613817899707 0.6916 1524317839.4671707
2 10.110933337567257 0.626 1524317839.5927296
1 9.86051372040159 0.6916 1524317839.880037
2 10.184915576474591 0.626 1524317839.9921076
1 9.756212267570595 0.6916 1524317840.2919233
2 10.086923632932683 0.626 1524317840.4065192
1 9.693986925657812 0.6916 1524317840.7050672
2 10.075853381447228 0.626 1524317840.7842526
1 9.636034044690502 0.6916 1524317841.1252694
2 10.093332324350875 0.626 1524317841.183032
1 9.755289110830594 0.6916 1524317841.5224147
2 10.211229358261876 0.626 1524317841.5827444
1 9.702280077528735 0.6916 1524317841.941052
2 9.916185412399816 0.626 1524317841.997339
1 9.775918993681524 0.6916 1524317842.3531337
2 9.74019816841967 0.626 1524317842.4136734
1 9.833536181288848 0.6916 1524317842.7422712
2 9.598115953799558 0.626 1524317842.832416
1 9.99661448969807 0.6916 1524317843.143012
2 9.774110827174248 0.626 1524317843.2224433
1 10.029619250501735 0.6916 1524317843.549136
2 9.852617297047034 0.626 1524317843.630267
1 9.854776415703403 0.6916 1524317843.9616592
2 10.101861987452697 0.626 1524317844.0233593
1 9.63344767993959 0.6916 1524317844.3907297
2 9.877069506565238 0.626 1524317844.436528
1 9.62252238695049 0.6916 1524317844.7964776
2 9.999795947223518 0.626 1524317844.8287005
1 9.770166430194246 0.6916 1524317845.1878917
2 9.845941576819756 0.626 1524317845.2397296
1 9.972749743559866 0.6916 1524317845.5913737
2 9.99355510248534 0.626 1524317845.6402462
1 9.939744982756205 0.6916 1524317846.003277
2 9.802698168536095 0.626 1524317846.0550056
1 9.778070482943342 0.6916 1524317846.4166293
2 9.96965983876895 0.626 1524317846.4430363
2 10.246522937429182 0.626 1524317846.8090532
1 9.745584520968773 0.6916 1524317846.8301816
2 10.305009876014687 0.626 1524317847.2181232
1 9.706491503317821 0.6916 1524317847.2412472
2 10.023164782716266 0.626 1524317847.6405485
1 9.65338328788688 0.6916 1524317847.6631382
2 9.602647814159566 0.626 1524317848.060329
1 9.637002977797774 0.6916 1524317848.0819182
2 9.693376574094186 0.626 1524317848.4561162
1 9.627862963132305 0.6916 1524317848.4858797
2 9.792894396545174 0.626 1524317848.8665478
1 9.663995775699604 0.6916 1524317848.8999493
2 9.994516406198064 0.626 1524317849.2594082
1 9.70084575135419 0.6916 1524317849.3040922
2 9.961175952034402 0.626 1524317849.6613123
1 9.830286059212469 0.6916 1524317849.7066586
2 9.839265856592483 0.626 1524317850.0888736
1 9.858575854187043 0.6916 1524317850.1172912
2 9.750459704083315 0.626 1524317850.4894783
1 9.963640246472584 0.6916 1524317850.5121868
2 9.712984118076013 0.626 1524317850.8961737
1 9.762628588383327 0.6916 1524317850.935561
2 9.781587633828796 0.626 1524317851.3163974
1 9.860658678897959 0.6916 1524317851.339498
2 9.907098803496169 0.626 1524317851.7038288
1 9.74706462351059 0.6916 1524317851.7399871
2 9.914270434368914 0.626 1524317852.1045203
1 9.79638865924699 0.6916 1524317852.160426
2 10.023340258790821 0.626 1524317852.5097165
1 9.909006152132541 0.6916 1524317852.5464532
2 9.857141528012498 0.626 1524317852.9192278
1 9.87035563936523 0.6916 1524317852.956
2 9.731454882270569 0.626 1524317853.3387253
1 10.057832751530839 0.6916 1524317853.3594007
2 9.735261950148757 0.626 1524317853.7482011
1 9.92170909405073 0.6916 1524317853.7693832
2 9.786371264208805 0.626 1524317854.1446462
1 9.926004443179824 0.6916 1524317854.1658773
2 9.792825731994258 0.626 1524317854.5629523
1 9.707376513085096 0.6916 1524317854.5876625
2 9.86583903779432 0.626 1524317854.959283
1 9.506998094743112 0.6916 1524317855.0189686
2 9.853014025563407 0.626 1524317855.3621209
1 9.475709947712176 0.6916 1524317855.4319947
2 9.83854869350521 0.626 1524317855.7854848
1 9.475732835895814 0.6916 1524317855.8553224
2 9.727174791930574 0.626 1524317856.1924524
1 9.590265306812272 0.6916 1524317856.269824
2 9.789934191461539 0.626 1524317856.5905623
1 9.651414904094139 0.6916 1524317856.6753366
2 10.037805590849015 0.626 1524317856.9778717
1 9.724267992608747 0.6916 1524317857.0905056
2 9.919015917776191 0.626 1524317857.4048493
1 9.73314097846512 0.6916 1524317857.5034728
2 10.029344592298097 0.626 1524317857.7840612
1 9.636323961683223 0.6916 1524317857.9197133
2 9.959077868534406 0.626 1524317858.183598
1 9.744600329072407 0.6916 1524317858.3202708
2 10.056085620179934 0.626 1524317858.5958114
1 9.778635058139708 0.6916 1524317858.7297404
2 9.832941088514291 0.626 1524317859.0111678
1 9.98617747795988 0.6916 1524317859.12101
2 9.850748095383407 0.626 1524317859.4008405
1 9.961816821176226 0.6916 1524317859.5298343
2 10.165094409445478 0.626 1524317859.7789395
1 9.932916674638008 0.6916 1524317859.937777
2 10.110712085125437 0.626 1524317860.1926565
1 9.624628099845035 0.6916 1524317860.367199
2 10.218439136107348 0.626 1524317860.5751405
1 9.578241381008631 0.6916 1524317860.7769463
2 10.02662089844536 0.626 1524317860.982651
1 9.558267626088618 0.6916 1524317861.1927376
2 9.898447070081628 0.626 1524317861.403416
1 9.847085986001574 0.6916 1524317861.586467
2 9.77630046340879 0.626 1524317861.8024487
1 9.860315356143404 0.6916 1524317861.9944718
2 9.701967272352375 0.626 1524317862.2116761
1 9.936235461265289 0.6916 1524317862.400322
2 9.646104845490505 0.626 1524317862.647785
1 9.787241015186986 0.6916 1524317862.8130794
2 9.424409898788504 0.626 1524317863.0759408
1 9.689683947134172 0.6916 1524317863.2328796
2 9.492754015126739 0.626 1524317863.4789076
1 9.779764208532436 0.6916 1524317863.6279483
2 9.914072070110722 0.626 1524317863.8582017
1 9.777368578645152 0.6916 1524317864.0408661
2 10.121255908387255 0.626 1524317864.2621787
1 9.912340197548906 0.6916 1524317864.4426434
2 10.16814616726367 0.626 1524317864.6537511
1 9.804262194417902 0.6916 1524317864.852434
2 9.895700488045263 0.626 1524317865.070304
1 9.679376635103262 0.6916 1524317865.2799106
2 9.923662219054366 0.626 1524317865.4706275
1 9.545869859952237 0.6916 1524317865.701024
2 9.814142260354277 0.626 1524317865.8766146
1 9.603548082715918 0.6916 1524317866.1068919
2 9.831071886850657 0.626 1524317866.2919188
1 9.835718188128844 0.6916 1524317866.5009735
2 9.660364183895975 0.626 1524317866.71805
1 9.921403918268913 0.6916 1524317866.909649
2 9.677454027677808 0.626 1524317867.1164014
1 9.992692980901696 0.6916 1524317867.305505
2 9.704286608294195 0.626 1524317867.5286927
1 9.98521617424715 0.6916 1524317867.7021968
2 9.907518420196178 0.626 1524317867.924448
1 10.106653247227245 0.6916 1524317868.096765
2 10.096384082169052 0.626 1524317868.3046317
1 10.084581408807232 0.6916 1524317868.4942365
2 10.228418384172807 0.626 1524317868.7020748
1 9.903825793236178 0.6916 1524317868.9209423
2 10.021959338378094 0.626 1524317869.1213107
1 9.741922411586954 0.6916 1524317869.3292317
2 9.964044604383492 0.626 1524317869.507815
1 9.626962694575946 0.6916 1524317869.7423065
2 9.92767528058528 0.626 1524317869.9111428
1 9.763795885748783 0.6916 1524317870.1420524
2 10.16478923366366 0.626 1524317870.3021517
1 9.829286608527026 0.6916 1524317870.5498645
2 10.087060962034512 0.626 1524317870.6974561
1 9.76107219189605 0.6916 1524317870.9693336
2 9.91919139385073 0.626 1524317871.121297
1 9.793390307190625 0.6916 1524317871.3680258
2 10.147501025623647 0.626 1524317871.485767
1 9.786836657276082 0.6916 1524317871.7760065
2 10.146318469469104 0.626 1524317871.8802712
1 9.870180163290694 0.6916 1524317872.1852674
2 10.07173350839267 0.626 1524317872.313229
1 9.764787707039691 0.6916 1524317872.5978155
2 9.716692003825113 0.626 1524317872.719607
1 9.730569872503295 0.6916 1524317873.0091755
2 9.468843492621268 0.626 1524317873.147228
1 9.690691027214172 0.6916 1524317873.4224143
2 9.643831285915958 0.626 1524317873.5583477
1 9.599832567572282 0.6916 1524317873.8483794
2 9.805467638756092 0.626 1524317873.9436154
1 9.744173082977863 0.6916 1524317874.2427492
2 9.782114062052441 0.626 1524317874.3742871
1 9.894990954352524 0.6916 1524317874.6356404
2 9.78491404985062 0.626 1524317874.783213
1 10.03824809573264 0.6916 1524317875.042341
2 9.63943675465777 0.626 1524317875.1881886
1 10.05028728032539 0.6916 1524317875.434316
2 9.843942675448845 0.626 1524317875.5931706
1 9.862657580268865 0.6916 1524317875.8528438
2 9.88504222386525 0.626 1524317875.9973807
1 9.872728381068878 0.6916 1524317876.2571657
2 9.969049487205313 0.626 1524317876.3920503
1 9.701349291394187 0.6916 1524317876.672417
