2 3 1524061448.577139
1 3 1524061448.779597
2 9.129922898728259 0.99 1524061449.9146621
1 10.251771960876459 0.99 1524061449.9763858
2 9.03976634338455 0.99 1524061450.284129
1 10.11442760026908 0.9899666666666667 1524061450.3129256
1 9.934450182941646 0.9899666666666667 1524061450.6013956
2 9.176370652721026 0.99 1524061450.6309934
1 9.934671435383468 0.9899666666666667 1524061450.8906689
2 8.91792491249354 0.99 1524061450.9581869
1 9.893060717532522 0.9899666666666667 1524061451.1849911
2 8.840898545162567 0.99 1524061451.2762856
1 10.115549121267259 0.9899333333333333 1524061451.474521
2 9.499757799319475 0.99 1524061451.542746
1 10.329454456138338 0.9899 1524061451.7629793
2 9.376253160417553 0.99 1524061451.8905172
1 10.255891833931011 0.9898666666666667 1524061452.0637374
2 9.33567241083025 0.99 1524061452.241269
1 10.289133105965583 0.9898333333333333 1524061452.3537104
2 9.078020127635495 0.99 1524061452.5923464
1 10.286127124514666 0.9898 1524061452.6409416
2 8.677751572202434 0.99 1524061452.9270113
1 10.152063403561836 0.9897666666666667 1524061452.9509964
1 10.19639781526551 0.9897333333333334 1524061453.236842
2 8.864946396769854 0.99 1524061453.258045
1 10.034585986350821 0.9897 1524061453.5512342
2 8.924303086333547 0.99 1524061453.5919962
1 9.971262011623494 0.9897 1524061453.8478036
2 8.943872483342654 0.99 1524061453.9330566
1 9.94816020493985 0.9897 1524061454.148753
2 8.975435288577224 0.99 1524061454.2659922
1 10.041872058141747 0.9896666666666667 1524061454.4348173
2 8.84005931176257 0.99 1524061454.6022954
1 10.173654590125482 0.9896333333333334 1524061454.7308264
2 9.301340135375673 0.99 1524061454.8753133
1 10.167337451441838 0.9896 1524061455.026954
2 9.196458848559223 0.99 1524061455.2375526
1 10.285150562012845 0.9895666666666667 1524061455.3133895
2 9.286294969332028 0.99 1524061455.558165
1 10.2125416141237 0.9895333333333334 1524061455.6084197
2 9.776567492217886 0.99 1524061455.8351226
1 10.215547595574614 0.9895 1524061455.8992274
2 9.328691514821154 0.99 1524061456.1641157
1 10.192781482250956 0.9894666666666667 1524061456.2019362
1 10.03842357180719 0.9894333333333334 1524061456.5159643
2 9.404443773263035 0.99 1524061456.5369482
1 10.04076579593265 0.9894 1524061456.8028076
2 8.949388535599022 0.99 1524061456.8956444
1 9.95205882555257 0.9894 1524061457.1059353
2 8.513757736447754 0.99 1524061457.2474763
1 10.060342822336308 0.9893666666666666 1524061457.3956988
2 8.407411605878576 0.99 1524061457.5909572
1 10.199419055505512 0.9893333333333333 1524061457.6913888
2 8.680604965762432 0.99 1524061457.896331
1 10.129976306352726 0.9893 1524061457.9917142
2 8.781984360482513 0.99 1524061458.2610068
1 10.250406299252829 0.9892666666666666 1524061458.2811964
1 10.242052112225542 0.9892333333333333 1524061458.5660658
2 8.713007004397006 0.99 1524061458.6180406
1 10.13882640402546 0.9892 1524061458.871372
2 8.616952927069649 0.99 1524061458.9836733
1 10.250482593198278 0.9891666666666666 1524061459.1565797
2 8.450136215333156 0.99 1524061459.316339
1 10.285409961427403 0.9891333333333333 1524061459.4462495
2 8.502374679785925 0.99 1524061459.672562
1 10.167703662380024 0.9891 1524061459.7448545
2 8.5326633761314 0.99 1524061460.024078
1 10.20520213657097 0.9890666666666666 1524061460.0475774
1 10.163980517841841 0.9890333333333333 1524061460.3387532
2 8.68448832758608 0.99 1524061460.3694148
1 10.091760669074509 0.989 1524061460.6398983
2 8.471773178264081 0.99 1524061460.7325625
1 10.117532763849072 0.9889666666666667 1524061460.9328837
2 8.953409226524471 0.99 1524061461.013782
1 10.049020800830837 0.9889333333333333 1524061461.2435505
2 9.015443833573618 0.99 1524061461.3549514
1 9.920587573052543 0.9889 1524061461.5474637
2 9.126604112100978 0.99 1524061461.6824355
1 9.888093981683427 0.9889 1524061461.8469756
2 9.756105456046956 0.99 1524061461.9651113
1 9.998544726518075 0.9888666666666667 1524061462.1304684
2 9.235666307128348 0.99 1524061462.312003
1 10.173448596472756 0.9888333333333333 1524061462.42248
2 9.229410203601072 0.99 1524061462.6539392
1 10.288728748054677 0.9888 1524061462.713724
2 9.154237779144639 0.99 1524061462.9917345
1 10.352113757938362 0.9887666666666667 1524061463.0146093
2 9.070276292171847 0.99 1524061463.2867184
1 10.185480151670948 0.9887333333333334 1524061463.3143668
1 10.032884631367182 0.9887 1524061463.6203604
2 9.023462327240892 0.99 1524061463.6444147
1 10.084161792107231 0.9886666666666667 1524061463.9095936
2 9.242616685559256 0.99 1524061463.9574685
1 9.940485034027109 0.9886333333333334 1524061464.2110267
2 9.598077806826833 0.99 1524061464.2404594
1 10.054674182189025 0.9886 1524061464.5030684
2 9.37657359498847 0.99 1524061464.5684552
1 10.182542834770953 0.9885666666666667 1524061464.7950187
2 9.44202617079397 0.99 1524061464.9129755
1 10.08366588146178 0.9885333333333334 1524061465.093626
2 8.906816514035343 0.99 1524061465.2990184
1 10.170373950470932 0.9885 1524061465.3955123
2 8.80321696550254 0.99 1524061465.6037602
1 10.019929919428991 0.9884666666666667 1524061465.703229
2 8.94278147992265 0.99 1524061465.9070957
1 10.05922893073267 0.9884333333333334 1524061465.9873178
2 9.198808702079221 0.99 1524061466.2189994
1 10.059961352609028 0.9884 1524061466.2891128
2 9.59935954511047 0.99 1524061466.5499935
1 10.13014415303272 0.9883666666666666 1524061466.5749488
2 9.605493578325015 0.99 1524061466.8527803
1 10.24339488566555 0.9883333333333333 1524061466.8729694
2 9.500299486332201 0.99 1524061467.1697505
1 10.003213915979888 0.9883 1524061467.1902618
1 10.051401171929024 0.9882666666666666 1524061467.480616
2 9.226457627911978 0.99 1524061467.5231779
1 9.955324206418037 0.9882333333333333 1524061467.7822149
2 9.668993029126888 0.99 1524061467.8054457
1 10.015115771470807 0.9882 1524061468.0714993
2 9.354761155982988 0.99 1524061468.1349318
1 10.275636707014655 0.9881666666666666 1524061468.354282
2 9.418436082859412 0.99 1524061468.443746
1 10.317644153381963 0.9881333333333333 1524061468.6472695
2 9.625429186272308 0.99 1524061468.765699
1 10.309495960007423 0.9881 1524061468.9465008
2 9.532648119204959 0.99 1524061469.0542357
1 10.2741489750783 0.9880666666666666 1524061469.239675
2 9.850046191085218 0.99 1524061469.3548837
1 10.269052539521931 0.9880333333333333 1524061469.524508
2 9.568407091439529 0.99 1524061469.6983242
1 10.19129375031459 0.988 1524061469.8198657
2 9.900735888445263 0.99 1524061469.9769492
1 10.419092212652963 0.9879666666666667 1524061470.1008956
2 9.502672228035834 0.99 1524061470.313339
1 10.296068225607403 0.9879333333333333 1524061470.404392
2 9.624254259512306 0.99 1524061470.603035
1 10.147851977772744 0.9879 1524061470.7079701
2 9.802392992754273 0.99 1524061470.9226336
1 10.209451709332782 0.9878666666666667 1524061470.9968202
2 9.17689708094466 0.99 1524061471.2855394
1 10.040430102572648 0.9878333333333333 1524061471.306205
1 10.192651782543686 0.9878 1524061471.5833995
2 9.172616990604652 0.99 1524061471.6227534
1 10.134325061243633 0.9877666666666667 1524061471.889918
2 8.981981309097232 0.99 1524061471.9377475
1 10.067247424399945 0.9877333333333334 1524061472.1897326
2 8.892580063813517 0.99 1524061472.2730427
1 10.148393664785463 0.9877 1524061472.473832
2 9.087198289273685 0.99 1524061472.6044111
1 9.997797045852613 0.9876666666666667 1524061472.7836752
2 8.796564133458899 0.99 1524061472.984917
1 10.096399340958152 0.9876333333333334 1524061473.0806227
2 8.586984665295082 0.99 1524061473.3346436
1 9.972017321683504 0.9876 1524061473.3921936
2 8.579546005613263 0.99 1524061473.6731668
1 9.854532275077956 0.9875666666666667 1524061473.698502
1 9.95042613511984 0.9875333333333334 1524061473.9860294
2 8.471902877971349 0.99 1524061474.0265272
1 9.987031970148962 0.9875 1524061474.2792084
2 8.443780929676786 0.99 1524061474.4052484
1 10.089448962527232 0.9874666666666667 1524061474.5847301
2 8.972871812009945 0.99 1524061474.6717834
1 10.063760791092664 0.9874333333333334 1524061474.8857872
2 9.063211472822747 0.99 1524061474.9978337
1 10.061914477612662 0.9874 1524061475.1805596
2 9.020914109462721 0.99 1524061475.3526826
1 10.109430346841792 0.9873666666666666 1524061475.4718773
2 9.758379015621509 0.99 1524061475.636727
1 10.06856730965631 0.9873333333333333 1524061475.773792
2 9.312387498677506 0.99 1524061475.960836
1 10.103891406401791 0.9873 1524061476.071695
2 9.175951036021026 0.99 1524061476.3030143
1 10.115152392750897 0.9872666666666666 1524061476.3677082
2 9.310113939102958 0.99 1524061476.642132
1 10.095994983047238 0.9872333333333333 1524061476.6694221
1 10.197084460774603 0.9872 1524061476.950536
2 8.904985459344443 0.99 1524061476.9845808
1 10.199251208825505 0.9871666666666666 1524061477.254134
2 8.508447677844105 0.99 1524061477.3702142
1 10.16127208277821 0.9871333333333333 1524061477.5513225
2 8.447656662105876 0.99 1524061477.724013
1 10.038881335479916 0.9871 1524061477.8504922
2 8.809373886900715 0.99 1524061478.0063326
1 10.133989367883629 0.9870666666666666 1524061478.1345208
2 8.814783127633458 0.99 1524061478.343758
1 10.187936816714592 0.987 1524061478.4324672
2 9.21195414888105 0.99 1524061478.6738465
1 10.198923144860046 0.9869333333333333 1524061478.727155
1 10.27596477098012 0.9868666666666667 1524061479.0224705
2 9.236299546875617 0.99 1524061479.0521605
1 10.1928730349855 0.9868 1524061479.311874
2 9.043443711555465 0.99 1524061479.3331175
1 10.2273273807528 0.9867333333333334 1524061479.6007009
2 9.155153306490096 0.99 1524061479.6583605
1 10.182619128716402 0.9866666666666667 1524061479.9070952
2 8.892084153168062 0.99 1524061480.0224311
1 10.122781787296349 0.9866 1524061480.2090652
2 8.892877610200792 0.99 1524061480.3711927
1 10.017053637685361 0.9865333333333334 1524061480.5094378
2 8.743021042538846 0.99 1524061480.7042418
1 10.03480723879264 0.9864666666666667 1524061480.7975988
2 8.666284592200599 0.99 1524061481.040799
1 10.158739123789104 0.9864 1524061481.0847108
1 10.16174510524002 0.9863333333333333 1524061481.3916802
2 8.800066025555262 0.99 1524061481.4121156
2 9.28338817001021 0.99 1524061481.6639154
1 10.226388965223709 0.9862666666666666 1524061481.685228
1 10.161951098892745 0.9862 1524061481.978215
2 9.326837571946603 0.99 1524061482.0004394
1 10.142732654032727 0.9861333333333333 1524061482.2704017
2 9.141801866035546 0.99 1524061482.3573089
1 10.19191173127277 0.9860666666666666 1524061482.563564
2 9.357934984113903 0.99 1524061482.6695578
1 10.21900371130371 0.9859666666666667 1524061482.8566968
2 9.247949632346533 0.99 1524061482.962504
1 10.282312427241935 0.9858666666666667 1524061483.142904
2 9.243104966810176 0.99 1524061483.2861202
1 10.168054614529122 0.9857666666666667 1524061483.4533467
2 9.302057298462952 0.99 1524061483.6425297
1 10.197053943196412 0.9856666666666667 1524061483.7403314
2 8.915521653211714 0.99 1524061484.0202606
1 10.262987170858294 0.9855666666666667 1524061484.043874
2 8.842294724364388 0.99 1524061484.3209221
1 10.204835925632784 0.9854666666666667 1524061484.3434198
1 10.229135547260078 0.9853666666666666 1524061484.6247926
2 9.00430491753725 0.99 1524061484.6535218
1 10.142602954325467 0.9852666666666666 1524061484.9271114
2 9.244585069351986 0.99 1524061484.9551528
1 10.028337512218089 0.9851666666666666 1524061485.223159
2 9.351800950899355 0.99 1524061485.2976363
1 10.094179187145423 0.9850666666666666 1524061485.5119498
2 9.044199021615468 0.99 1524061485.6478686
1 10.168146167263666 0.9849666666666667 1524061485.798627
2 9.09839061107187 0.99 1524061485.93838
1 10.186349902649136 0.9848333333333333 1524061486.1034966
2 9.101297410393684 0.99 1524061486.2590046
1 10.28592113086194 0.9847 1524061486.3916512
2 9.298822435175671 0.99 1524061486.5900917
1 10.196985278645506 0.9845666666666667 1524061486.6867375
2 9.179811509661029 0.99 1524061486.957835
1 10.287416492192854 0.9844333333333334 1524061486.983074
1 10.293169055680128 0.9842666666666666 1524061487.2688954
2 8.786050827775247 0.99 1524061487.3110487
1 10.245058093676453 0.9841 1524061487.5644772
2 9.082033189166403 0.99 1524061487.5930781
1 10.174470935341846 0.9839333333333333 1524061487.869957
2 9.157228501806468 0.99 1524061487.8984015
1 10.023981127932629 0.9837666666666667 1524061488.1639507
2 9.127573045208257 0.99 1524061488.2689383
1 10.139268908909091 0.9836 1524061488.4511552
2 9.276887925857467 0.99 1524061488.598553
1 10.163225207781839 0.9834333333333334 1524061488.744362
2 9.282236131433843 0.99 1524061488.873183
1 10.212968860218247 0.9832666666666666 1524061489.043128
2 8.881769211742593 0.99 1524061489.24926
1 10.254838977483733 0.9831 1524061489.3348181
2 8.900636704453524 0.99 1524061489.6162794
1 10.111551318525429 0.9829333333333333 1524061489.639508
1 10.087327990843594 0.9827666666666667 1524061489.9327435
2 8.916711838760811 0.99 1524061489.954883
2 8.777635605591607 0.99 1524061490.242866
1 9.982744250414413 0.9826 1524061490.2645762
1 9.873170885952504 0.9824333333333334 1524061490.553721
2 9.237810166995628 0.99 1524061490.5756376
1 9.856950793148862 0.9823 1524061490.8607545
2 9.32254985221206 0.99 1524061490.905451
1 9.782373461466985 0.9822 1524061491.1577535
2 8.916437180557178 0.99 1524061491.291768
1 9.980936083907151 0.9821 1524061491.4464486
2 8.646310837280582 0.99 1524061491.6267993
1 10.085535083125416 0.982 1524061491.741926
2 8.440179855451321 0.99 1524061491.9707003
1 10.110002551432704 0.9819 1524061492.044472
2 8.641008408071498 0.99 1524061492.2913258
1 10.147020373767289 0.9817666666666667 1524061492.341241
1 10.09375194105087 0.9816333333333334 1524061492.6375325
2 8.94223216351538 0.99 1524061492.6615796
1 10.102273974758148 0.9815 1524061492.9278123
2 8.944894822211742 0.99 1524061492.9690943
1 10.13552287618727 0.9813666666666667 1524061493.2284071
2 8.70769694579337 0.99 1524061493.3479242
1 10.14417460960183 0.9812333333333333 1524061493.526806
2 8.616472275213294 0.99 1524061493.683826
1 10.081865344349053 0.9811 1524061493.8243415
2 8.65831187490059 0.99 1524061494.01836
1 10.143007312236367 0.9809666666666667 1524061494.1124008
2 8.769769699815233 0.99 1524061494.339104
1 10.243425403243732 0.9808333333333333 1524061494.3977587
2 9.234949144041076 0.99 1524061494.647666
1 10.262987170858283 0.9806666666666667 1524061494.6923828
2 9.234399827633798 0.99 1524061494.983372
1 10.246408496510998 0.9805 1524061495.0031173
1 10.17844584990003 0.9803333333333333 1524061495.2887433
2 9.043954880990002 0.99 1524061495.345479
1 10.102495227199972 0.9801666666666666 1524061495.587177
2 9.412942918786673 0.99 1524061495.6136718
1 10.159685168712745 0.98 1524061495.873759
2 8.811388047060722 0.99 1524061496.0096471
1 10.283090625485576 0.9798333333333333 1524061496.1663737
2 8.907152207395354 0.99 1524061496.3304844
1 10.195909534014596 0.9796333333333334 1524061496.471518
2 9.323961290202968 0.99 1524061496.630436
1 10.122652087589074 0.9794333333333334 1524061496.7690194
2 8.867448838180774 0.99 1524061496.9726872
1 10.081460986438136 0.9792333333333333 1524061497.0649345
2 9.082757981648214 0.99 1524061497.330997
1 9.986940417414418 0.9790666666666666 1524061497.3651862
2 9.394380601857574 0.99 1524061497.6084652
1 10.100160632469063 0.9788666666666667 1524061497.6531055
1 10.150346789789102 0.9786666666666667 1524061497.9550364
2 8.982744248551777 0.99 1524061497.974864
1 10.091325793585415 0.9784666666666667 1524061498.2520156
2 8.880174668282603 0.99 1524061498.3182313
1 10.19641307405459 0.9782666666666666 1524061498.5413613
2 8.949213059524475 0.99 1524061498.6719894
1 10.242105517987364 0.9780666666666666 1524061498.8309138
2 8.850526841078935 0.99 1524061498.9643114
1 10.160615954847296 0.9778666666666667 1524061499.13033
2 8.93974498089356 0.99 1524061499.3091102
1 10.249895129818283 0.9776333333333334 1524061499.4284146
2 8.927278550206271 0.99 1524061499.6623945
1 10.182230029594578 0.9774 1524061499.719038
2 9.026918442969993 0.99 1524061500.0045917
1 10.135423694058186 0.9771666666666666 1524061500.0303972
1 10.213235889027331 0.9769333333333333 1524061500.3105013
2 8.752771408767952 0.99 1524061500.3348618
1 10.28060344286376 0.9766666666666667 1524061500.5957532
2 8.806543381524358 0.99 1524061500.6779468
1 10.162858996843665 0.9764 1524061500.9009192
2 9.160242112651915 0.99 1524061500.9719822
1 10.10183909926907 0.9761333333333333 1524061501.1974173
2 9.160524400250097 0.99 1524061501.3122344
1 10.152383838132746 0.9758666666666667 1524061501.4911823
2 8.98274424855178 0.99 1524061501.670275
1 10.076150927834497 0.9756 1524061501.7857246
2 8.922151597071718 0.99 1524061502.0171607
1 10.126962695507263 0.9753333333333334 1524061502.0902379
2 8.594591171656907 0.99 1524061502.3685389
1 10.176607165814573 0.9750333333333333 1524061502.3901832
1 10.176721606732762 0.9747333333333333 1524061502.667952
2 8.649354965704223 0.99 1524061502.7025073
1 10.232332263574628 0.9744333333333334 1524061502.9549055
1 6 frame freq 1524061502.9566073
1 12.853143730858612 0.9744333333333334 1524061503.3145776
2 8.845178635502567 0.99 1524061503.3821561
2 6 frame freq 1524061503.3846993
1 16.775837035432165 0.9640333333333333 1524061503.6715586
2 11.067308461418953 0.99 1524061503.7886431
1 16.607181639610207 0.9393333333333334 1524061504.0313566
2 14.616922420667345 0.9867666666666667 1524061504.1992412
1 16.570163817275617 0.8978666666666667 1524061504.3950682
2 14.418817561899912 0.9792333333333333 1524061504.6143196
1 16.50743493532286 0.8361 1524061504.760464
2 14.691751522369218 0.9653 1524061505.0099754
1 15.896730467484764 0.7563333333333333 1524061505.1514392
2 14.572145504080028 0.9438 1524061505.439219
1 14.683969539932848 0.6672666666666667 1524061505.5774643
2 15.169260068180527 0.9091333333333333 1524061505.805594
1 13.55646709642647 0.5732 1524061506.0328386
2 15.730325743053717 0.8526333333333334 1524061506.2002325
1 12.153581656801668 0.48356666666666664 1524061506.5628028
2 14.306139033857992 0.7874333333333333 1524061506.64126
2 13.947595637194063 0.7085 1524061507.062844
1 10.266847644498297 0.41296666666666665 1524061507.2081132
2 13.629022638553804 0.6136666666666667 1524061507.5205083
1 8.658113510642416 0.4167666666666667 1524061507.9492028
2 12.889802971649551 0.5091 1524061507.9919143
2 12.210458793138079 0.3973333333333333 1524061508.5048625
1 7.822686209944423 0.4978 1524061508.7486486
2 10.153146777587292 0.3020333333333333 1524061509.1730688
1 8.19124797022203 0.5853333333333334 1524061509.414091
1 9.984621081472605 0.5799 1524061509.9442647
2 7.594601645310602 0.3647666666666667 1524061510.086531
1 11.423166311202886 0.5469666666666667 1524061510.4642944
2 7.186470998798443 0.5229666666666667 1524061510.8437502
1 10.867921864367874 0.5231 1524061511.0424087
2 8.783548386364334 0.5994 1524061511.451169
1 10.324670825758336 0.5086666666666667 1524061511.629004
2 10.905527150082452 0.5765 1524061511.9440777
1 9.993257556098062 0.5004333333333333 1524061512.2421753
2 12.183809317990779 0.5240333333333334 1524061512.43556
1 9.640108141377773 0.5123333333333333 1524061512.873133
2 11.628313101135777 0.4824333333333333 1524061512.9778652
1 9.712938341708746 0.5211333333333333 1524061513.4847445
2 10.874635731567878 0.4568 1524061513.5383747
2 10.610231434200395 0.43656666666666666 1524061514.1099353
1 9.714197191808736 0.5307 1524061514.1320758
1 9.787187609425168 0.5368666666666667 1524061514.7055488
2 10.303361926792869 0.42293333333333333 1524061514.7272856
1 10.034761462425374 0.5309 1524061515.3016841
2 9.5752659171359 0.4454666666666667 1524061515.3596697
1 10.102899585110887 0.5236333333333333 1524061515.8938682
2 9.813043627539729 0.45253333333333334 1524061515.9349616
1 10.028772387707185 0.5176666666666667 1524061516.4987454
2 10.398073230680213 0.43806666666666666 1524061516.5195918
1 9.879701647683431 0.519 1524061517.1121714
2 9.854074511405218 0.4424666666666667 1524061517.1453068
1 9.975885424718056 0.5152 1524061517.701503
2 9.868234667681596 0.4461333333333333 1524061517.729081
1 9.973535571198049 0.5116 1524061518.316098
2 10.182252917778218 0.4369 1524061518.3374498
1 9.968301806539857 0.5083333333333333 1524061518.913972
2 9.60689738692138 0.4588 1524061518.9828532
1 9.872232470423423 0.5105666666666666 1524061519.5247035
2 9.29348185899385 0.5033666666666666 1524061519.6159031
1 9.777078661652432 0.5184666666666666 1524061520.1346002
2 9.992136035099875 0.5010333333333333 1524061520.1836686
1 9.99218181146716 0.5148 1524061520.725451
2 10.71833232551503 0.4817 1524061520.746354
2 10.8932667130479 0.458 1524061521.281676
1 9.98250773918351 0.5117 1524061521.3448904
2 10.146768603747276 0.451 1524061521.9166934
1 9.887613329827074 0.5139666666666667 1524061521.945263
2 9.643159899195958 0.47196666666666665 1524061522.5276048
1 9.82926372034339 0.5197666666666667 1524061522.5566347
2 9.953836474481662 0.47203333333333336 1524061523.1342862
1 9.865152392285227 0.5239333333333334 1524061523.1636078
2 10.423364673598424 0.45926666666666666 1524061523.6772783
1 9.922136340145281 0.5252 1524061523.7723641
2 10.254030261661917 0.4502 1524061524.2943375
1 9.740701708459673 0.5368666666666667 1524061524.3900335
2 9.774644884792428 0.4624 1524061524.9056652
1 9.989999804627159 0.5351 1524061524.9754646
2 10.11879924334362 0.45666666666666667 1524061525.4793127
1 10.244546924241911 0.5282333333333333 1524061525.559351
2 10.152002368405467 0.45013333333333333 1524061526.0916257
1 10.052667651423574 0.5247666666666667 1524061526.16275
2 9.931444201490745 0.4517333333333333 1524061526.6858594
1 9.998315844681699 0.5223333333333333 1524061526.7595596
2 9.983011279223513 0.4498666666666667 1524061527.2900066
1 9.940492663421654 0.5231666666666667 1524061527.376093
2 10.074991259863582 0.4451333333333333 1524061527.877729
1 9.821695360954292 0.5308 1524061527.9817903
2 9.809061083586998 0.45526666666666665 1524061528.51252
1 10.04473308109629 0.5279666666666667 1524061528.562592
2 9.845796618323396 0.4631 1524061529.1040232
1 10.166627917749118 0.5228333333333334 1524061529.162547
2 10.439386402143889 0.4504666666666667 1524061529.6615555
1 10.010393176247176 0.5205 1524061529.7606964
2 10.211870227403702 0.4428666666666667 1524061530.2719238
1 10.004198107876254 0.5182666666666667 1524061530.366649
2 10.193895373854598 0.4356 1524061530.8381321
1 9.815454516216098 0.5265 1524061530.98401
2 10.10748485123271 0.43023333333333336 1524061531.4724822
1 9.824335131467018 0.5346333333333333 1524061531.58439
2 9.370225938726634 0.471 1524061532.1216156
1 10.203104053070966 0.5295 1524061532.159824
2 9.439615282117607 0.5079333333333333 1524061532.733278
1 10.167993579372753 0.5248666666666667 1524061532.761974
2 10.575845752983994 0.4933666666666667 1524061533.257847
1 10.025125537114453 0.5228 1524061533.3590996
2 10.99099925717525 0.46896666666666664 1524061533.8214042
1 10.057573352116298 0.5201 1524061533.9565563
2 10.586580311109469 0.4535666666666667 1524061534.3882883
1 9.899499926528899 0.5241 1524061534.5761518
2 10.502946888102125 0.4398666666666667 1524061534.9648166
1 9.956186328001673 0.5251333333333333 1524061535.160375
2 9.93923381332166 0.4418666666666667 1524061535.595051
1 10.030130419936272 0.5232333333333333 1524061535.770721
2 9.967180285541678 0.4419666666666667 1524061536.169177
1 10.194414172683691 0.5182333333333333 1524061536.3437483
2 9.544778856532242 0.4716666666666667 1524061536.8518515
1 10.086977038694506 0.5151 1524061536.9548452
2 9.147058518877365 0.5301333333333333 1524061537.4831545
1 9.797960314523351 0.5249 1524061537.5641336
2 10.66339305539316 0.5140333333333333 1524061537.9780693
1 9.956056628294396 0.5262333333333333 1524061538.1596313
2 11.606561697286674 0.47546666666666665 1524061538.5132625
1 10.055337939514473 0.5241666666666667 1524061538.7559986
2 10.474977527698469 0.463 1524061539.1252458
1 10.071580920501772 0.5217666666666667 1524061539.3524275
2 10.467096363133006 0.45056666666666667 1524061539.6611466
1 9.988634143003509 0.5213 1524061539.9571106
2 10.3609638556111 0.4404666666666667 1524061540.282025
1 10.004343066372618 0.5201333333333333 1524061540.5541255
2 9.914972338667097 0.44476666666666664 1524061540.8729987
1 9.963701281628952 0.5210666666666667 1524061541.1611836
2 9.944871935890745 0.44703333333333334 1524061541.4878724
1 10.093660388316323 0.5183 1524061541.7452407
2 9.637292894790495 0.4712 1524061542.1164327
1 10.213792834829153 0.5132 1524061542.3459485
2 9.702264818739645 0.49116666666666664 1524061542.7290192
1 10.066888842856313 0.5107 1524061542.9320452
2 10.011903796367173 0.4900333333333333 1524061543.3263426
1 10.024202380374447 0.5089666666666667 1524061543.5358372
2 10.69155315066046 0.47286666666666666 1524061543.8466928
1 9.999078784136247 0.5077 1524061544.1310048
2 10.458543811847536 0.4609666666666667 1524061544.4618173
1 9.97908977042714 0.5075666666666667 1524061544.7436497
2 10.042238269079926 0.45876666666666666 1524061545.0475168
1 9.749483141581498 0.5204 1524061545.36234
2 10.135088000698184 0.4543333333333333 1524061545.6448684
1 9.737077746050577 0.5345 1524061545.97436
2 10.038599047881732 0.45213333333333333 1524061546.2378194
1 10.024042163089002 0.5339333333333334 1524061546.5619905
2 9.825754198852472 0.46323333333333333 1524061546.8674262
1 10.534883533669428 0.5238 1524061547.1147223
2 9.755022082021501 0.4795333333333333 1524061547.46779
1 10.502199207436663 0.5139 1524061547.7041056
2 10.010194811988985 0.4784333333333333 1524061548.0702806
1 9.84239390835612 0.5219333333333334 1524061548.3259726
2 10.318704639223784 0.47003333333333336 1524061548.6304638
1 9.807588610439726 0.5322666666666667 1524061548.9250877
2 10.388101612009299 0.4599 1524061549.2236886
1 10.227090869521891 0.5279333333333334 1524061549.5022728
2 10.207231555520053 0.4539 1524061549.8351266
1 10.519319568796675 0.5179666666666667 1524061550.06606
2 10.022638354492639 0.4522 1524061550.4218774
1 10.341524158309262 0.5109666666666667 1524061550.662614
2 9.947839770368935 0.4547333333333333 1524061551.0408292
1 9.964990649307131 0.5121 1524061551.2701123
2 9.852602038257947 0.4641 1524061551.6353173
1 9.926881823552556 0.5154666666666666 1524061551.8683915
2 9.754823717763317 0.4805333333333333 1524061552.2490275
1 9.953760180536209 0.5174666666666666 1524061552.4845564
2 10.281114612298305 0.4731666666666667 1524061552.8074477
1 9.919900927543464 0.5215 1524061553.083984
2 10.63525584830951 0.4573333333333333 1524061553.3696423
1 9.992250476018068 0.5216333333333333 1524061553.6878505
2 10.584817920969467 0.4425 1524061553.937252
1 9.831468615367017 0.5308333333333334 1524061554.2991893
2 10.007562670870804 0.4411333333333333 1524061554.5718343
1 10.039033923370823 0.5301666666666667 1524061554.8738875
2 9.674570116539616 0.4631 1524061555.178244
1 10.287088428227399 0.5248333333333334 1524061555.4675844
2 9.761217150392422 0.47923333333333334 1524061555.7984319
1 10.063562426834487 0.5234666666666666 1524061556.0641954
2 10.071878466889043 0.4769333333333333 1524061556.3688898
2 10.255777393012828 0.4703 1524061556.421723
2 4 frame freq 1524061556.4232132
1 9.919633898734368 0.5278 1524061556.6852484
1 4 frame freq 1524061556.6868305
2 10.222818408576433 0.4703 1524061556.9760458
1 7.168370260239336 0.5278 1524061557.25943
2 7.418698324670456 0.49696666666666667 1524061557.527523
1 7.024479879111948 0.5731666666666667 1524061557.8381667
2 7.386853231837704 0.5669 1524061558.0455592
1 7.327076925574018 0.6633 1524061558.3156793
2 7.775250449358022 0.6649666666666667 1524061558.515754
1 8.146707564865626 0.7552666666666666 1524061558.7327895
2 8.510393173453199 0.7598333333333334 1524061558.9374104
1 9.398729356748488 0.8097 1524061559.113527
2 9.111093552990068 0.8436 1524061559.3635564
1 10.475450550160282 0.8373666666666667 1524061559.4612677
2 9.8130207393561 0.9039333333333334 1524061559.7458143
1 11.222055470984529 0.8546 1524061559.805426
2 10.217439685421889 0.9548 1524061560.1133623
1 11.683191336101283 0.8639333333333333 1524061560.1414895
2 10.854578053307868 0.99 1524061560.4681277
1 11.783929861679548 0.8693666666666666 1524061560.4891074
1 11.969209708216068 0.87 1524061560.8070412
2 11.216508901149988 0.99 1524061560.8299434
1 12.02555278693429 0.8673 1524061561.1406083
2 11.17240337128267 0.99 1524061561.1905484
1 12.238969840554464 0.8593 1524061561.4598055
2 11.066377675284404 0.99 1524061561.551713
1 12.120813407228919 0.8502333333333333 1524061561.7946815
2 10.84871104890241 0.99 1524061561.9153852
1 12.009820975381553 0.8403 1524061562.13745
2 10.940027272217035 0.99 1524061562.2843869
1 11.835290945759587 0.8306666666666667 1524061562.4737363
2 11.1833668112445 0.99 1524061562.6311119
1 11.794466055546827 0.8199 1524061562.814688
2 11.63981822811034 0.99 1524061562.9460828
1 11.685525930832197 0.8089333333333333 1524061563.1669817
2 12.015275992481559 0.99 1524061563.281878
1 11.61905864555213 0.7975 1524061563.5046096
2 11.950265921559685 0.99 1524061563.6290917
1 11.392328298450124 0.7877333333333333 1524061563.8673327
2 11.543748891993895 0.99 1524061563.9892197
1 11.22733501200999 0.7790333333333334 1524061564.2351635
2 11.11626628621718 0.99 1524061564.3648558
1 11.123140370702636 0.7708333333333334 1524061564.5833018
2 11.054086720671668 0.99 1524061564.7146375
1 11.12870219932628 0.7617333333333334 1524061564.9433799
2 11.145181691544478 0.99 1524061565.0625498
1 11.157457387368112 0.7514666666666666 1524061565.3097837
2 11.6561069854649 0.99 1524061565.3927128
1 10.999414479358903 0.7424666666666667 1524061565.6788704
2 11.919664420037838 0.9857333333333334 1524061565.7264307
1 10.95398906423522 0.7333666666666666 1524061566.0396113
2 11.747522390908612 0.9813666666666667 1524061566.0871413
1 10.946077382091579 0.7237 1524061566.404348
2 11.172517812200851 0.9827 1524061566.46595
1 10.708116566218656 0.7165 1524061566.7958958
2 10.81842998195147 0.9875333333333334 1524061566.833718
1 10.395212207725667 0.7129333333333333 1524061567.196125
2 10.61965373646404 0.99 1524061567.2221296
2 10.833360707076938 0.99 1524061567.5739272
1 10.269037280732835 0.7107333333333333 1524061567.5950875
2 10.728906666355032 0.99 1524061567.9493997
1 10.124391589545452 0.7102666666666667 1524061567.979587
2 11.136369740844467 0.9875333333333334 1524061568.292881
1 10.192178760081863 0.7088 1524061568.3714616
2 11.22328380350636 0.9828 1524061568.647792
1 10.15137675805274 0.7077666666666667 1524061568.7568822
2 11.531137502810251 0.9727666666666667 1524061568.9899225
1 10.327196155352889 0.7043 1524061569.1420138
2 10.8433552139315 0.9704 1524061569.3983636
1 10.28860667774194 0.7011 1524061569.536677
2 10.923891102753384 0.9662 1524061569.7428749
1 10.209085498394607 0.6987333333333333 1524061569.931811
2 10.371225391274741 0.9685333333333334 1524061570.1482935
1 10.122804675479987 0.6973666666666667 1524061570.3275998
2 11.118249928798996 0.9606 1524061570.4774766
1 10.152521167234562 0.6955 1524061570.7186234
2 11.038881337342568 0.9527333333333333 1524061570.8346221
1 9.896097216561614 0.6997 1524061571.1446202
2 11.385820424902857 0.9392 1524061571.2027822
1 9.867235216996143 0.7052666666666667 1524061571.5462425
2 11.064798390613502 0.9286666666666666 1524061571.6028678
1 9.85965159881795 0.7114333333333334 1524061571.9366279
2 10.782396351513256 0.921 1524061571.9573295
2 10.573389087940361 0.9154333333333333 1524061572.3364892
1 10.053728137265393 0.7116 1524061572.3580608
2 10.668329273664078 0.9081 1524061572.688618
1 10.130754504596364 0.7107333333333333 1524061572.7307172
2 10.616769825325859 0.9008333333333334 1524061573.073121
1 10.14318278831091 0.7096 1524061573.122026
2 10.799715077131454 0.8905333333333333 1524061573.4468007
1 10.248575244561911 0.7069666666666666 1524061573.5099287
2 10.835252796924209 0.8791 1524061573.7936354
1 10.282289539058299 0.7037 1524061573.8965967
2 11.0871525166317 0.8635333333333334 1524061574.1543264
1 10.165758166770935 0.7018 1524061574.3016706
2 11.410203969870144 0.8426333333333333 1524061574.5016797
1 10.18815043976186 0.6994666666666667 1524061574.6873696
2 11.192812001691777 0.8234 1524061574.8660123
1 9.994981799265341 0.6997 1524061575.1011539
2 11.157564198891755 0.8035333333333333 1524061575.2286074
1 10.019495043939902 0.6994666666666667 1524061575.4990869
2 10.995576893902532 0.7848333333333334 1524061575.5914233
1 9.92229655743074 0.7025666666666667 1524061575.8972712
2 10.976297413886149 0.7654666666666666 1524061575.9612434
1 10.115549121267255 0.7012333333333334 1524061576.2818944
2 10.795473133764187 0.7476 1524061576.3451705
1 10.081186328234502 0.7002666666666667 1524061576.688181
2 10.413278614009327 0.7342 1524061576.7416437
1 10.167573962672751 0.6981 1524061577.0789366
2 10.365518604154742 0.7210666666666666 1524061577.1191318
1 10.074365649510861 0.6970333333333333 1524061577.4766927
2 10.379457507989297 0.7074 1524061577.5010297
1 10.122919116398172 0.6952666666666667 1524061577.876131
2 10.50082591641848 0.6916666666666667 1524061577.8996966
1 10.030916247574465 0.6946333333333333 1524061578.2707174
2 10.195848498858226 0.6796333333333333 1524061578.2928987
1 9.956880602905311 0.6961 1524061578.680917
2 10.130083117876353 0.6683 1524061578.702982
1 9.942010912936198 0.6982666666666667 1524061579.0810385
2 9.669031176099617 0.6724 1524061579.1272676
1 9.893472704837977 0.7025 1524061579.4849873
2 9.82197001915792 0.6711666666666667 1524061579.517507
1 10.01529124754536 0.7025333333333333 1524061579.8775475
2 9.691339525750541 0.6759 1524061579.9183903
1 10.057809863347204 0.702 1524061580.2733161
2 9.847452196939765 0.6751333333333334 1524061580.3450322
1 10.197725329916421 0.6995666666666667 1524061580.6632643
2 9.713182482334192 0.6804 1524061580.753242
1 10.091966662727232 0.6983666666666667 1524061581.0705636
2 9.626092943597765 0.6902 1524061581.1652327
1 10.069932971279947 0.6974 1524061581.4648507
2 9.797670397530627 0.694 1524061581.5684693
1 10.007555041476252 0.6972 1524061581.8611088
2 9.689424547719636 0.7029333333333333 1524061581.9902487
1 10.059633288643576 0.6963333333333334 1524061582.2602084
2 9.768320116714245 0.7095 1524061582.3955526
1 10.09720805677997 0.6949 1524061582.652608
2 9.872713122279784 0.7124 1524061582.7847152
1 9.909090075472541 0.6983333333333334 1524061583.0709956
2 10.093347583139971 0.7091 1524061583.1778953
1 9.913911852825274 0.7017666666666666 1524061583.4696052
2 10.10185435805815 0.7056 1524061583.5857863
1 9.97590831290169 0.7029 1524061583.8592045
2 10.052209887750847 0.7027 1524061583.978466
1 10.139741931370915 0.7013 1524061584.2549708
2 10.015131030259901 0.7002333333333334 1524061584.3763368
1 10.128618274123628 0.6997333333333333 1524061584.6539624
2 10.08268168956541 0.6968333333333333 1524061584.7713232
1 10.047235522507195 0.6991666666666667 1524061585.051434
2 10.028139147959912 0.6941 1524061585.1802623
1 10.083238635367229 0.6980666666666666 1524061585.4482296
2 9.935960803061658 0.6944 1524061585.5849233
1 10.068414721765398 0.6971 1524061585.845599
2 10.04278758548719 0.6916333333333333 1524061585.967193
1 9.979661975018058 0.6978 1524061586.2518282
2 9.946939501812565 0.6916333333333333 1524061586.3827481
1 10.057283435123566 0.697 1524061586.6412966
2 9.96515086659259 0.6910333333333334 1524061586.7934768
1 9.987093005305336 0.6974333333333333 1524061587.0462656
2 9.89344981665434 0.6935 1524061587.1791272
1 10.118768725765442 0.6958 1524061587.4389791
2 10.209260974469153 0.6889666666666666 1524061587.5567012
1 9.960596118048953 0.6972333333333334 1524061587.8436544
2 10.329820667076527 0.6825666666666667 1524061587.9518983
1 10.00929454343262 0.6970333333333333 1524061588.2471042
2 10.180490527638224 0.6779 1524061588.358734
1 9.940797839203482 0.6993333333333334 1524061588.6453698
2 9.99018291009625 0.6759666666666667 1524061588.7579036
1 10.071153674407224 0.6984666666666667 1524061589.0336263
2 9.618631395732304 0.6896333333333333 1524061589.1977892
1 10.169832263458213 0.6962333333333334 1524061589.4277024
2 9.776178393096068 0.6978333333333333 1524061589.5913937
1 10.279275928212844 0.6924333333333333 1524061589.8153582
2 9.901201281512535 0.7014666666666667 1524061589.9713922
1 10.124635730170898 0.6904666666666667 1524061590.2182682
2 10.252214465760098 0.6978 1524061590.367856
1 9.932619128250735 0.6927666666666666 1524061590.6345978
2 10.032632861347189 0.6969333333333333 1524061590.7826028
1 9.806329760339729 0.7002333333333334 1524061591.038638
2 9.71663096866874 0.7083 1524061591.2084353
1 10.020547900387179 0.7001333333333334 1524061591.419837
2 9.74353221383604 0.7193666666666667 1524061591.5991735
1 10.312585864798322 0.6961666666666667 1524061591.7967927
2 10.027681384287177 0.7201333333333333 1524061591.9790375
1 10.222490344610987 0.6931666666666667 1524061592.2105448
2 10.070405993741767 0.7202666666666667 1524061592.3967285
1 10.048067126512654 0.6923 1524061592.6129801
2 10.196443591632773 0.7186 1524061592.7815175
1 9.87022593965796 0.6972 1524061593.0128598
2 9.972085986234417 0.7206333333333333 1524061593.1814857
1 9.91034892557254 0.7008 1524061593.4206269
2 10.233194385158264 0.7183666666666667 1524061593.5687296
1 9.900537524187074 0.705 1524061593.824625
2 10.13582805196909 0.7172 1524061593.9613242
1 10.050104174856289 0.7048 1524061594.2099838
2 10.10591319595634 0.7163333333333334 1524061594.3700697
1 10.29766276906741 0.7012666666666667 1524061594.5862527
2 10.179597888476406 0.7143333333333334 1524061594.7481318
1 10.329698596763798 0.6971 1524061594.9871078
2 9.914247546185273 0.7182666666666667 1524061595.1709106
1 10.14902690453274 0.6951 1524061595.392136
2 10.197328601400047 0.7161333333333333 1524061595.5486233
1 9.93589976790529 0.6975 1524061595.7985685
2 10.033754382345377 0.7160666666666666 1524061595.9444594
1 9.836206469379748 0.7040333333333333 1524061596.2102234
2 10.335580859958343 0.7118 1524061596.3313875
1 9.895082507087073 0.7085666666666667 1524061596.6016958
2 10.236909900301907 0.7086 1524061596.7176514
1 9.977457079994421 0.7100666666666666 1524061596.99904
2 10.20187572054914 0.7056333333333333 1524061597.123128
1 10.173013720983668 0.7084333333333334 1524061597.389059
2 10.386606250678392 0.6999666666666666 1524061597.4865806
1 10.305742297891044 0.7049 1524061597.7659614
2 10.244768176683728 0.6958666666666666 1524061597.8899682
1 10.156351123296387 0.7031333333333334 1524061598.178275
2 10.211603198594606 0.692 1524061598.2961419
1 10.069406543056315 0.7024 1524061598.576935
2 10.069849047939947 0.6899 1524061598.679821
1 9.861391100774313 0.7080666666666666 1524061598.9832692
2 10.099863086081786 0.6873 1524061599.0878701
1 9.842142138336127 0.7148333333333333 1524061599.3974166
2 10.172533069127304 0.6836 1524061599.4842024
1 9.790330919977897 0.724 1524061599.802962
2 9.996637377881708 0.6822666666666667 1524061599.8822174
1 9.82177928429428 0.7324 1524061600.2078319
2 9.836481127583392 0.6876333333333333 1524061600.300984
1 10.120698962585438 0.7324666666666667 1524061600.5836904
2 9.780008349157892 0.6958333333333333 1524061600.7054222
1 10.28655437060921 0.7302666666666666 1524061600.9682796
2 9.698968920296004 0.7081 1524061601.116385
1 10.49286082851303 0.7251333333333333 1524061601.349557
2 9.788003954641535 0.7175333333333334 1524061601.5283558
1 10.34285167296017 0.7216333333333333 1524061601.7461033
2 9.805513415123361 0.7268666666666667 1524061601.9278772
1 10.143800769269104 0.7205333333333334 1524061602.153157
2 9.886888537345245 0.7333666666666666 1524061602.3307545
1 10.0410099365581 0.7206666666666667 1524061602.5445907
2 9.922052416805275 0.7387333333333334 1524061602.7337582
1 10.146806750720009 0.7193666666666667 1524061602.9282165
2 10.02734569092718 0.7407 1524061603.1265445
1 10.394319568563853 0.7147 1524061603.3084424
2 10.172586474889126 0.7406333333333334 1524061603.5097446
1 10.349718128051089 0.7103333333333334 1524061603.7037156
2 10.591997181236744 0.7346 1524061603.8658702
1 10.24299815714918 0.7071333333333333 1524061604.0972455
2 10.584909473704013 0.7281333333333333 1524061604.2582676
1 10.110590014812702 0.7055333333333333 1524061604.492975
2 10.576936756404002 0.7212 1524061604.649053
1 10.240785632731003 0.7021 1524061604.877494
2 10.350786243287454 0.7169 1524061605.026327
1 10.448534046203898 0.6957666666666666 1524061605.2485032
2 10.347215686640174 0.7123 1524061605.415308
1 10.226694141005526 0.6920333333333333 1524061605.665884
2 10.329721484947433 0.7076333333333333 1524061605.8086612
1 10.172540698521855 0.6888666666666666 1524061606.0564382
2 10.221857104863707 0.7041333333333334 1524061606.2023416
1 10.025270495610815 0.6875333333333333 1524061606.4446363
2 10.248117480889185 0.7000666666666666 1524061606.5871415
1 10.141565356667275 0.6846333333333333 1524061606.8496535
2 10.275575671858295 0.6954 1524061606.9738226
1 9.835207018694296 0.6901 1524061607.2758193
2 10.307542835003776 0.6900333333333334 1524061607.3642952
1 9.674097094077807 0.7024 1524061607.6862452
2 9.837938341941568 0.6954666666666667 1524061607.8075457
1 9.70164683778146 0.7143333333333334 1524061608.0857825
2 9.982797656176233 0.6953 1524061608.1757436
1 10.041635546910836 0.7144333333333334 1524061608.4700418
2 9.886453661856155 0.6992 1524061608.580383
1 10.11985972918544 0.7134666666666667 1524061608.8723395
2 10.342493091416538 0.6939333333333333 1524061608.9676862
1 10.244340930589185 0.7107666666666667 1524061609.2599185
2 10.066621814047222 0.6921666666666667 1524061609.3697708
1 10.208734546245516 0.7083666666666667 1524061609.6461265
2 10.210702930038247 0.6883666666666667 1524061609.7518673
1 10.270235095676478 0.705 1524061610.037458
2 9.838403735008848 0.6940666666666667 1524061610.1878705
