1 4 1524063304.377366
2 4 1524063304.9103136
1 10.728860889987759 0.99 1524063305.5179513
1 10.735002552596864 0.99 1524063305.8142135
1 10.645715748231332 0.99 1524063306.099551
2 8.924570115142641 0.99 1524063306.2755911
1 10.50779918303303 0.99 1524063306.3869843
2 8.69238475094063 0.99 1524063306.612012
1 10.422403369885693 0.99 1524063306.670847
2 9.077249558786395 0.99 1524063306.9467854
1 10.519922290965777 0.99 1524063306.9690409
1 10.550523792487622 0.99 1524063307.2397566
2 8.790056259911612 0.99 1524063307.3456438
1 10.576219593316724 0.99 1524063307.521012
2 8.709947617184282 0.99 1524063307.6514437
1 10.440797840134799 0.99 1524063307.8174155
2 8.730440170933377 0.99 1524063307.9858022
1 10.402132068578402 0.99 1524063308.1041057
2 9.001321824269974 0.99 1524063308.278875
1 10.482622181033017 0.99 1524063308.38664
2 9.168329270870105 0.99 1524063308.656004
1 10.529100452603961 0.99 1524063308.6783357
1 10.701395069624109 0.99 1524063308.940244
2 9.215593370079235 0.99 1524063308.960814
1 10.776491200135078 0.99 1524063309.2194078
2 9.20564463959196 0.99 1524063309.2883494
1 10.779726063422348 0.99 1524063309.5007648
2 8.657602341207863 0.99 1524063309.664276
1 10.654420887407698 0.99 1524063309.787884
2 9.091882737524596 0.99 1524063309.9750278
1 10.601808582622208 0.99 1524063310.073501
2 8.707002670889727 0.99 1524063310.3391654
1 10.697473560827744 0.99 1524063310.362333
1 10.613382374147665 0.99 1524063310.6302125
2 8.385492355349465 0.99 1524063310.7191947
1 10.68657878541682 0.99 1524063310.916395
2 8.52691081264413 0.99 1524063311.0706453
1 10.685876881118633 0.99 1524063311.197007
2 8.217966109920233 0.99 1524063311.4364145
1 10.630647694004045 0.99 1524063311.4685159
1 10.713174854802292 0.99 1524063311.7465355
2 8.294534713578482 0.99 1524063311.7819169
1 10.811845814458746 0.99 1524063312.0211172
2 8.755785019613402 0.99 1524063312.0933807
1 10.85103038484423 0.99 1524063312.2972877
2 8.347337753227619 0.99 1524063312.5077944
1 10.712724720524108 0.99 1524063312.5925825
2 8.435144455051324 0.99 1524063312.8572545
1 10.617738758433124 0.99 1524063312.877373
1 10.46769908530209 0.99 1524063313.166916
2 8.565362961153246 0.99 1524063313.1889195
1 10.383569751649295 0.99 1524063313.4561648
2 8.24564555333116 0.99 1524063313.5464478
1 10.506143604416664 0.99 1524063313.7313545
2 9.00426677056452 0.99 1524063313.8431602
1 10.5893879283022 0.99 1524063314.0092766
2 8.791444809718891 0.99 1524063314.2220116
1 10.727273975922307 0.99 1524063314.2852504
2 8.906930954953527 0.99 1524063314.5270915
1 10.77206615129871 0.99 1524063314.5671272
1 10.696550404087734 0.99 1524063314.8522544
2 9.069726975764567 0.99 1524063314.8744473
1 10.584451710031285 0.99 1524063315.143187
2 9.090974839573684 0.99 1524063315.1803026
1 10.432420764923876 0.99 1524063315.4370773
2 9.196901353442858 0.99 1524063315.5293715
1 10.457124744462082 0.99 1524063315.7210038
2 9.245363267595632 0.99 1524063315.8253338
1 10.57254985454036 0.99 1524063315.9865906
2 9.107820542730064 0.99 1524063316.1851442
1 10.598848377538566 0.99 1524063316.2799397
2 8.65822795156059 0.99 1524063316.5478876
1 10.653795277054977 0.99 1524063316.5696423
1 10.630640064609498 0.99 1524063316.8447466
2 8.806077988457089 0.99 1524063316.891608
1 10.514421497498493 0.99 1524063317.129643
2 8.674531967704242 0.99 1524063317.2231135
1 10.634790455242232 0.99 1524063317.4029548
2 8.707887680656999 0.99 1524063317.5629265
1 10.65399364131316 0.99 1524063317.6883886
2 8.738298447315215 0.99 1524063317.9204533
1 10.676088367916817 0.99 1524063317.9711313
2 8.943353684513564 0.99 1524063318.2325437
1 10.661027943084067 0.99 1524063318.2546837
1 10.594957386320385 0.99 1524063318.536412
2 8.479486496149546 0.99 1524063318.6265004
1 10.550836597663983 0.99 1524063318.8271859
2 8.538095505047767 0.99 1524063318.9743164
1 10.486803089243931 0.99 1524063319.1132724
2 8.66293528799514 0.99 1524063319.3043964
1 10.628450428374954 0.99 1524063319.3836026
2 8.577974350336898 0.99 1524063319.63071
1 10.579698597229454 0.99 1524063319.6750119
1 10.648416553900422 0.99 1524063319.952418
2 8.83545878685165 0.99 1524063319.9832292
1 10.618646656384037 0.99 1524063320.2433836
2 8.979379685557223 0.99 1524063320.3061328
1 10.563585315949451 0.99 1524063320.5208588
2 8.961153061988117 0.99 1524063320.6496706
1 10.593294178309472 0.99 1524063320.802497
2 8.816247971386188 0.99 1524063320.9904678
1 10.616357838020399 0.99 1524063321.0815454
2 8.83046153342437 0.99 1524063321.3406746
1 10.582841907782182 0.99 1524063321.3759205
1 10.55973247170399 0.99 1524063321.659104
2 8.619302780589654 0.99 1524063321.698948
1 10.65545085567134 0.99 1524063321.9300334
2 8.393007308976738 0.99 1524063322.0753736
1 10.618150745738578 0.99 1524063322.2176301
2 8.33771708670578 0.99 1524063322.4322531
1 10.763101612707793 0.99 1524063322.4932375
2 8.497491867276823 0.99 1524063322.753854
1 10.812631642096921 0.99 1524063322.7739565
1 10.71178630499502 0.99 1524063323.0537748
2 8.732034714393384 0.99 1524063323.0732431
1 10.679849659427726 0.99 1524063323.3394284
2 9.03239634825364 0.99 1524063323.4023204
1 10.60299113877675 0.99 1524063323.6231794
2 8.94756511030265 0.99 1524063323.772347
1 10.53820994969124 0.99 1524063323.90713
2 8.90634349157353 0.99 1524063324.1042955
1 10.58765605574038 0.99 1524063324.185784
1 10.731172596535034 0.99 1524063324.459868
2 8.564577133515066 0.99 1524063324.479107
1 10.769022022875067 0.99 1524063324.7369533
2 8.64297679186422 0.99 1524063324.7910476
1 10.681077991949545 0.99 1524063325.0284758
2 8.651231796762415 0.99 1524063325.159876
1 10.635034595867682 0.99 1524063325.3123314
2 8.555170090040514 0.99 1524063325.5042124
1 10.50834087004577 0.99 1524063325.5991247
2 9.060815842935474 0.99 1524063325.7989953
1 10.598070179294934 0.99 1524063325.874083
1 10.682466541756813 0.99 1524063326.1549077
2 8.696992905246079 0.99 1524063326.174592
1 10.610910450314934 0.99 1524063326.4412794
2 9.160509141461015 0.99 1524063326.4729617
1 10.685617481704096 0.99 1524063326.7184372
2 9.177705796766483 0.99 1524063326.8098314
1 10.720377003253208 0.99 1524063326.9898098
2 8.900880845078978 0.99 1524063327.147137
1 10.815561329602383 0.99 1524063327.2602901
2 8.966089280259027 0.99 1524063327.5132394
1 10.953180348413404 0.99 1524063327.5431454
1 10.817857777360562 0.99 1524063327.8280368
2 8.43698313913678 0.99 1524063327.8926795
1 10.691591297633186 0.99 1524063328.1170325
2 8.632242233738754 0.99 1524063328.2001526
1 10.514047657165774 0.99 1524063328.4093485
2 8.473665268111358 0.99 1524063328.5612235
1 10.476984058463925 0.99 1524063328.6833727
2 8.650453598518775 0.99 1524063328.8987865
1 10.637201343918601 0.99 1524063328.9575338
2 9.151620896815551 0.99 1524063329.2045102
1 10.596010242767658 0.99 1524063329.2488153
1 10.636652027511317 0.99 1524063329.5346358
2 8.996599229046334 0.99 1524063329.563117
1 10.651819263867703 0.99 1524063329.8152833
2 8.960603745580848 0.99 1524063329.9013028
1 10.531862293429418 0.99 1524063330.099536
2 9.049753220844558 0.99 1524063330.2222567
1 10.598375355076751 0.99 1524063330.3767579
2 8.700815231913364 0.99 1524063330.5820086
1 10.73642161998232 0.99 1524063330.6553297
1 10.819696461446023 0.99 1524063330.9202871
2 8.329584152120319 0.99 1524063330.975844
1 10.87938884436971 0.99 1524063331.2004519
2 8.452524215825877 0.99 1524063331.3203034
1 10.816690479995106 0.99 1524063331.4898028
2 8.123765975467432 0.99 1524063331.698881
1 10.654390369829517 0.99 1524063331.7726133
2 8.617532761055106 0.99 1524063331.9759243
1 10.529497181120323 0.99 1524063332.0589957
2 8.8983326273008 0.99 1524063332.3280783
1 10.576768909724 0.99 1524063332.3504767
1 10.635561024091324 0.99 1524063332.6150663
2 8.702768356916998 0.99 1524063332.6989367
1 10.71176341681139 0.99 1524063332.900048
2 8.898736985211702 0.99 1524063333.047733
1 10.684457813733175 0.99 1524063333.1816413
2 8.496881515713191 0.99 1524063333.3851118
1 10.732072865091402 0.99 1524063333.4579453
2 8.870241196584411 0.99 1524063333.6782095
1 10.737962757680501 0.99 1524063333.7329676
2 9.09234813059186 0.99 1524063334.022008
1 10.6317310680295 0.99 1524063334.0509388
1 10.609323536249489 0.99 1524063334.3135204
2 9.10563090649551 0.99 1524063334.369073
1 10.537759815413054 0.99 1524063334.5957248
2 9.053522141750012 0.99 1524063334.71006
1 10.524354969196681 0.99 1524063334.8787956
2 9.054811509428193 0.99 1524063335.0016098
1 10.547037159180343 0.99 1524063335.1603584
2 8.867631943649862 0.99 1524063335.37438
1 10.674707447504087 0.99 1524063335.4381895
2 9.013452561597255 0.99 1524063335.6982193
1 10.640634571464055 0.99 1524063335.7271318
1 10.540948902333065 0.99 1524063336.0131059
2 8.960443528295393 0.99 1524063336.0559916
1 10.535188709451244 0.99 1524063336.2998974
2 8.293413192580296 0.99 1524063336.44816
1 10.4950046883803 0.99 1524063336.5814452
2 8.599641830846007 0.99 1524063336.7695377
1 10.45144084552572 0.99 1524063336.8679528
2 8.553812057811415 0.99 1524063337.101319
1 10.50564006437667 0.99 1524063337.152968
2 8.772241623647965 0.99 1524063337.4232247
1 10.528886829556685 0.99 1524063337.4485383
1 10.572618519091268 0.99 1524063337.7205443
2 8.979799302257224 0.99 1524063337.7885048
1 10.493959461327574 0.99 1524063338.0127041
2 9.165002854848286 0.99 1524063338.0782914
1 10.402551685278409 0.99 1524063338.3066306
2 8.906396897335352 0.99 1524063338.4478762
1 10.414621387449328 0.99 1524063338.5908284
2 8.885950119953515 0.99 1524063338.769865
1 10.394441638876582 0.99 1524063338.8736932
2 9.146242173661 0.99 1524063339.0988586
1 10.508295093678496 0.99 1524063339.1521802
1 10.646631275576784 0.99 1524063339.437956
2 8.649698288458767 0.99 1524063339.470518
1 10.546861683105794 0.99 1524063339.7336087
2 9.098367722888234 0.99 1524063339.776742
1 10.424715076432966 0.99 1524063340.019732
2 9.059122117346377 0.99 1524063340.0947046
1 10.395753894738398 0.99 1524063340.3065324
2 8.684610397898807 0.99 1524063340.4830532
1 10.392709766314761 0.99 1524063340.5931485
2 8.862215073522579 0.99 1524063340.8201349
1 10.489084278213022 0.99 1524063340.8740084
1 10.544389759273063 0.99 1524063341.1677883
2 8.449960739258607 0.99 1524063341.1970396
1 10.47823527916937 0.99 1524063341.4569418
2 8.36792948910581 0.99 1524063341.5273278
1 10.551569019540338 0.99 1524063341.7261627
2 8.617845566231475 0.99 1524063341.8727818
1 10.564172779329443 0.99 1524063342.0095823
2 8.74504283209339 0.99 1524063342.1980667
1 10.583902393624006 0.99 1524063342.2937129
2 9.007989915102698 0.99 1524063342.5197232
1 10.572275196336724 0.99 1524063342.5884252
2 9.147569688311908 0.99 1524063342.8394923
1 10.473718677598464 0.99 1524063342.8701444
1 10.487352405651194 0.99 1524063343.1562645
2 9.036005051873639 0.99 1524063343.1993194
1 10.472970996933013 0.99 1524063343.4389348
2 8.805154831717088 0.99 1524063343.5544353
1 10.51302531829667 0.99 1524063343.7291899
2 8.528215439111396 0.99 1524063343.9303892
1 10.633684193033144 0.99 1524063344.0016122
2 8.43228343209678 0.99 1524063344.2621617
1 10.60809520372766 0.99 1524063344.2852566
1 10.5316410409876 0.99 1524063344.579371
2 8.407747299238576 0.99 1524063344.6292953
1 10.55928996682035 0.99 1524063344.8682241
2 8.696352036104264 0.99 1524063344.9351168
1 10.371835742838375 0.99 1524063345.1562386
2 8.661806137602412 0.99 1524063345.313422
1 10.4207935676366 0.99 1524063345.438475
2 8.72878459231702 0.99 1524063345.63898
1 10.57723430279127 0.99 1524063345.7142024
2 9.106271775637325 0.99 1524063345.9445894
1 10.60965922960948 0.99 1524063345.9999352
2 8.897790940288063 0.99 1524063346.2878559
1 10.63054851187495 0.99 1524063346.3166769
1 10.500597034582118 0.99 1524063346.5828824
2 8.97123912157722 0.99 1524063346.6492589
1 10.482301746462104 0.99 1524063346.8565633
2 9.082880051960949 0.99 1524063346.9591918
1 10.481370960327563 0.99 1524063347.14126
2 8.818819077348003 0.99 1524063347.3069737
1 10.534982715798515 0.99 1524063347.4239562
2 8.926767380771725 0.99 1524063347.6263053
1 10.71633342414411 0.99 1524063347.6980817
2 9.362421068106636 0.99 1524063347.930453
1 10.814256703135104 0.99 1524063347.966146
2 9.459733995533984 0.99 1524063348.2269084
1 10.76603130021325 0.99 1524063348.2595193
1 10.832574879438763 0.99 1524063348.5313752
2 9.4072590198503 0.99 1524063348.5815208
1 10.78677562398235 0.99 1524063348.8129911
2 9.69241527038145 0.99 1524063348.8709655
1 10.667207752665895 0.99 1524063349.0916526
2 9.269006761292005 0.99 1524063349.223938
1 10.759653126373248 0.99 1524063349.3753881
2 8.625085861655112 0.99 1524063349.617297
1 10.661851917694984 0.99 1524063349.6570632
1 10.605241810167666 0.99 1524063349.9418778
2 8.690416367147893 0.99 1524063349.9643407
1 10.618913685193126 0.99 1524063350.2220774
2 8.609758408013285 0.99 1524063350.2595417
1 10.555490528336716 0.99 1524063350.5088565
2 8.641374619009667 0.99 1524063350.6155572
1 10.659372364467712 0.99 1524063350.7812243
2 9.23556712499925 0.99 1524063350.9166207
1 10.635202442547683 0.99 1524063351.0761595
2 9.195970567308319 0.99 1524063351.265932
1 10.513063465269399 0.99 1524063351.3623765
2 8.870439560842588 0.99 1524063351.6125083
1 10.559038196800357 0.99 1524063351.644095
2 9.182138474997394 0.99 1524063351.9229589
1 10.507814441822127 0.99 1524063351.944981
1 10.57709697368945 0.99 1524063352.2067888
2 8.863122971473489 0.99 1524063352.2751517
1 10.693971668731377 0.99 1524063352.485823
2 8.912248642951718 0.99 1524063352.6120923
1 10.71318248419684 0.99 1524063352.7690334
2 9.175874742075575 0.99 1524063352.9187477
1 10.667207752665899 0.99 1524063353.0523198
2 8.80410960466436 0.99 1524063353.2846515
1 10.391260181351116 0.99 1524063353.3595364
1 10.373827014814749 0.99 1524063353.6455567
2 8.711809189453362 0.99 1524063353.675079
1 10.267602954558296 0.99 1524063353.9327712
2 8.67929270990062 0.99 1524063353.9955764
1 10.338480029885618 0.99 1524063354.213487
2 8.710413010251544 0.99 1524063354.2956288
1 10.533296619603968 0.99 1524063354.500689
2 8.892656357758973 0.99 1524063354.631757
1 10.58546641950582 0.99 1524063354.7750232
2 9.408670457841216 0.99 1524063354.9249756
1 10.689195667745917 0.99 1524063355.0546544
2 9.534753832099499 0.99 1524063355.2545416
1 10.518884693307585 0.99 1524063355.357133
2 9.181131394917387 0.99 1524063355.6060088
1 10.665437733131348 0.99 1524063355.628269
1 10.613168751100389 0.99 1524063355.9091659
2 9.179033311417388 0.99 1524063355.9493666
1 10.502237354409399 0.99 1524063356.1979542
1 6 frame freq 1524063356.1993842
2 9.235979112304705 0.99 1524063356.22749
2 6 frame freq 1524063356.229615
1 13.269418756048045 0.98 1524063356.527648
2 11.758127249326797 0.98 1524063356.6249948
1 17.51550683661458 0.97 1524063356.8824782
2 14.686876339254676 0.97 1524063357.0424469
1 17.54315576244735 0.96 1524063357.2144673
2 13.894578974497659 0.96 1524063357.487127
1 18.284748171055234 0.95 1524063357.5383596
1 17.911853883251275 0.94 1524063357.8817155
2 13.674142877895651 0.95 1524063357.928092
1 17.008365722388724 0.93 1524063358.244362
2 13.135324517517025 0.94 1524063358.4017448
1 17.425235840352705 0.92 1524063358.5722184
2 13.37897686172087 0.93 1524063358.8199637
1 18.08452234060415 0.91 1524063358.9123535
2 14.55526928334547 0.92 1524063359.2253797
1 17.698734376018383 0.9 1524063359.24819
1 17.44823083551271 0.89 1524063359.598662
2 13.771593134424831 0.91 1524063359.690251
1 17.246418090996176 0.88 1524063359.9458318
2 13.08786205404971 0.9 1524063360.1437292
1 17.372501465254484 0.87 1524063360.286399
2 13.834489863057609 0.89 1524063360.5631492
1 17.514789673527314 0.86 1524063360.6316164
1 17.073429199072415 0.85 1524063360.988894
2 13.688020746573844 0.88 1524063361.0189276
1 16.465396971377345 0.84 1524063361.357442
2 13.262758294609865 0.87 1524063361.4579418
1 16.65071496488661 0.83 1524063361.7112548
2 14.198747676236083 0.86 1524063361.8680265
1 16.80759057553038 0.82 1524063362.073586
2 14.663522762551013 0.85 1524063362.276827
1 16.440845579730077 0.81 1524063362.4401264
2 13.457605401906381 0.84 1524063362.7560253
1 16.56819543348289 0.8 1524063362.7977667
1 16.657871336970235 0.79 1524063363.1596165
2 13.02980236155876 0.83 1524063363.1995394
1 16.185688108551666 0.78 1524063363.5386477
2 13.727357904850246 0.82 1524063363.6351132
1 16.109424680675243 0.77 1524063363.9064834
2 13.61558727475924 0.81 1524063364.0786736
1 16.163593381948004 0.76 1524063364.2793088
2 13.621248285511973 0.8 1524063364.5103164
1 15.84211926132835 0.75 1524063364.6634395
2 13.170549432133415 0.79 1524063364.9912817
1 15.822130247619242 0.74 1524063365.0405512
1 15.510637327117177 0.73 1524063365.43561
2 12.6230717089457 0.78 1524063365.4626555
1 15.25264935056241 0.72 1524063365.8246834
2 13.31275371706627 0.77 1524063365.8931358
1 15.226274533618756 0.71 1524063366.2234054
2 13.192308465377069 0.76 1524063366.370682
1 15.169130368473258 0.7 1524063366.6178374
2 11.97994426634153 0.75 1524063366.893667
1 15.266588254396975 0.69 1524063367.012787
2 11.829370535592309 0.74 1524063367.385119
1 14.875825924567563 0.68 1524063367.422973
1 14.687265438376489 0.67 1524063367.825638
2 12.548067131169265 0.73 1524063367.8494904
1 14.603250545641874 0.66 1524063368.2451456
2 12.806230583798571 0.72 1524063368.3240504
1 14.4842853964945 0.65 1524063368.6572707
2 12.898553887193197 0.71 1524063368.7813544
1 14.21919445361792 0.64 1524063369.088404
2 12.61910442378206 0.7 1524063369.2735896
1 14.12486461945784 0.63 1524063369.503973
2 12.582292595100212 0.69 1524063369.732824
1 14.120271723941476 0.62 1524063369.9400826
2 12.608423271418413 0.68 1524063370.2263825
1 13.758836786744821 0.61 1524063370.3816385
2 12.26230815846903 0.67 1524063370.7139373
1 13.575883905544668 0.6 1524063370.821754
2 12.36057476021457 0.66 1524063371.1954813
1 13.653497736255643 0.59 1524063371.258657
2 12.074586905677974 0.65 1524063371.7069979
1 13.271783868357133 0.58 1524063371.7287529
2 12.016801871390642 0.64 1524063372.1971617
1 12.636796989732982 0.57 1524063372.2208958
1 12.532075920201978 0.56 1524063372.6833248
2 11.930368460585125 0.63 1524063372.711083
1 12.422082939040074 0.55 1524063373.1761649
2 11.387048757424667 0.62 1524063373.2507927
1 12.241556205305377 0.54 1524063373.667133
2 11.3332996728519 0.61 1524063373.7722366
1 12.000627554954267 0.53 1524063374.1711218
2 11.373750722731932 0.6 1524063374.302839
1 11.625589407283053 0.52 1524063374.695232
2 11.36830333502648 0.59 1524063374.8252516
1 11.550111807044805 0.51 1524063375.21084
2 11.660280264281267 0.58 1524063375.3344848
1 11.475374258077478 0.5 1524063375.7427285
2 11.773454702968621 0.57 1524063375.8450887
1 11.109849965404443 0.49 1524063376.2891746
2 11.257715261090022 0.56 1524063376.39928
1 10.978685414378878 0.49 1524063376.8436878
2 10.722856556480483 0.56 1524063376.9652972
1 10.788995777795083 0.49 1524063377.412003
2 10.403512988991128 0.56 1524063377.5516481
1 10.643343006527688 0.49 1524063377.9620001
2 10.536661182598515 0.56 1524063378.106929
1 10.813806568856927 0.49 1524063378.5218036
2 11.106439626042615 0.55 1524063378.6332297
1 10.974283253726142 0.49 1524063379.066619
2 11.35898021489192 0.54 1524063379.1595147
1 10.661821400116793 0.49 1524063379.637637
2 10.491975818745749 0.54 1524063379.7758162
1 10.311822925343787 0.49 1524063380.2195644
2 10.38453105536203 0.54 1524063380.3177545
1 10.509874378349407 0.49 1524063380.7807026
2 10.968072926566144 0.54 1524063380.870212
1 10.537576709943975 0.49 1524063381.3573513
2 10.354059253547458 0.54 1524063381.4831126
1 10.680566822515003 0.49 1524063381.9131665
2 10.032533679218094 0.54 1524063382.0670688
1 10.80261424705873 0.49 1524063382.4693906
2 10.328477893636528 0.54 1524063382.639008
1 10.699289356729562 0.49 1524063383.0242496
2 10.790254627895083 0.54 1524063383.1791883
1 10.518854175729413 0.49 1524063383.6112175
2 11.154016530428118 0.53 1524063383.712531
1 10.710008656065932 0.49 1524063384.1453636
2 11.019327199122545 0.52 1524063384.2689822
1 10.900507008471541 0.49 1524063384.7103512
2 10.723260914391396 0.52 1524063384.829955
1 10.270692859349197 0.49 1524063385.3141167
2 10.407442127182046 0.52 1524063385.42185
1 10.437768970500255 0.49 1524063385.868643
2 10.279466663076484 0.52 1524063385.9974885
1 10.734628712264126 0.49 1524063386.430785
2 10.307199512249229 0.52 1524063386.58454
1 10.769334828051434 0.49 1524063386.9833875
2 10.448404346496622 0.52 1524063387.1470826
1 10.900049244798813 0.49 1524063387.5327635
2 10.288293872565582 0.52 1524063387.7513437
1 10.850763356035136 0.49 1524063388.0806174
2 10.389047656932934 0.52 1524063388.3017802
1 10.974466359195238 0.49 1524063388.6308067
2 10.893701588536995 0.52 1524063388.855131
1 10.77913860004235 0.49 1524063389.2017856
2 10.989854847993435 0.52 1524063389.3963904
1 10.843400990298763 0.49 1524063389.7314112
2 10.323717151440155 0.52 1524063390.0151455
1 10.982896840167971 0.49 1524063390.287632
2 10.13485148946727 0.52 1524063390.5861995
1 10.838632618707853 0.49 1524063390.838193
2 10.418832813238412 0.52 1524063391.171086
1 10.737924610707772 0.49 1524063391.4043877
2 10.02650645752718 0.52 1524063391.7752473
1 10.781625782664166 0.49 1524063391.9537568
2 10.120943103210903 0.52 1524063392.353363
1 10.751207386611425 0.49 1524063392.5296483
2 10.457162891434816 0.52 1524063392.9216673
1 10.529809986296684 0.49 1524063393.0995493
2 10.476884876334832 0.52 1524063393.4991355
1 10.600755726174937 0.49 1524063393.6545832
2 10.827852284215114 0.52 1524063394.031194
1 10.876062428347883 0.49 1524063394.197284
2 10.57351878764763 0.52 1524063394.6435266
1 11.025651967200735 0.48 1524063394.7511773
2 10.218874011596435 0.52 1524063395.2125356
1 10.781175648385995 0.48 1524063395.308746
2 10.113000903489066 0.52 1524063395.8196843
1 10.620248829238587 0.48 1524063395.872562
2 10.196130786456408 0.52 1524063396.382334
1 10.524232898883952 0.48 1524063396.4483573
2 10.708887135067746 0.52 1524063396.9405606
1 10.488771473036651 0.48 1524063397.0165951
2 10.475252185902095 0.52 1524063397.5270648
1 10.769418751391429 0.48 1524063397.5710218
2 10.531076465791243 0.52 1524063398.078719
1 10.750276600476875 0.48 1524063398.1395812
2 10.401910816136589 0.52 1524063398.6810348
1 10.53086284274396 0.48 1524063398.7094383
2 10.442552600880257 0.52 1524063399.2298326
1 10.615411793096756 0.48 1524063399.2609966
2 10.90532878582427 0.52 1524063399.7806172
2 4 frame freq 1524063399.7821436
1 10.626321827296774 0.48 1524063399.8317409
1 4 frame freq 1524063399.8333647
2 7.850029959995357 0.568 1524063400.3407795
1 7.401654257255895 0.532 1524063400.4014626
2 7.586979880159682 0.6112 1524063400.8552034
1 7.442868246590472 0.5788 1524063400.9153044
2 7.9442682414208905 0.6500666666666667 1524063401.291409
1 7.883954062841745 0.6209 1524063401.3538506
2 8.699594528786085 0.6850333333333334 1524063401.7197735
1 8.815454514353448 0.6588 1524063401.7677436
1 9.711648974030558 0.6588 1524063402.148982
2 9.237695726077446 0.6850333333333334 1524063402.1708179
1 9.977281603919865 0.6588 1524063402.5570617
2 9.40388682746121 0.6850333333333334 1524063402.5774748
1 10.110071215983611 0.6588 1524063402.9480643
2 9.267320665097463 0.6850333333333334 1524063403.0135353
1 10.125551257516358 0.6588 1524063403.3337197
2 9.3997898425903 0.6850333333333334 1524063403.4298456
1 10.218729053100073 0.6588 1524063403.7308588
2 9.123437913364619 0.6850333333333334 1524063403.8842256
1 10.171480212680033 0.6588 1524063404.1290326
2 9.3859272327012 0.6850333333333334 1524063404.292983
1 9.992464099065337 0.6588 1524063404.5348222
2 9.385431322055748 0.6850333333333334 1524063404.7077653
1 10.174119983192762 0.6588 1524063404.9083693
2 9.596811327332277 0.6850333333333334 1524063405.1323817
1 10.328203235432891 0.6588 1524063405.2909195
2 9.629060778075942 0.6850333333333334 1524063405.5391915
1 10.468462024756636 0.6588 1524063405.6821916
2 9.459650072193988 0.6850333333333334 1524063405.9776008
1 10.491922412983929 0.6588 1524063406.0542793
2 9.390947374312107 0.6850333333333334 1524063406.4130158
1 10.389177356640214 0.6588 1524063406.4458008
1 10.470788990093 0.6588 1524063406.8270144
2 9.248689683617451 0.6850333333333334 1524063406.8510365
1 10.333719287689258 0.6588 1524063407.21671
2 9.228158982895618 0.6850333333333334 1524063407.2793376
1 10.318071399476509 0.6588 1524063407.6086707
2 9.40208629034849 0.6850333333333334 1524063407.6868925
1 10.255159412054647 0.6588 1524063407.9959397
2 9.44313243300307 0.6850333333333334 1524063408.1067965
1 10.251939807556463 0.6588 1524063408.3846605
2 9.634447130625041 0.6850333333333334 1524063408.5228984
1 10.348680530392903 0.6588 1524063408.7683182
2 9.621202501694116 0.6850333333333334 1524063408.9351428
1 10.324983630934709 0.6588 1524063409.160698
2 9.565362963015899 0.6850333333333334 1524063409.3613431
1 10.290178333018305 0.6588 1524063409.5511072
2 9.401811632144842 0.6850333333333334 1524063409.798975
1 10.252580676698276 0.6588 1524063409.9376779
2 9.373544725353915 0.6850333333333334 1524063410.215242
1 10.378557239432933 0.6588 1524063410.3168683
2 9.20954326020469 0.6850333333333334 1524063410.6776743
1 10.449686084780264 0.6588 1524063410.7079864
1 10.471269641949371 0.6588 1524063411.0847557
2 9.224153550759246 0.6850333333333334 1524063411.1050775
1 10.313440356987423 0.6588 1524063411.4778695
2 9.216638597131968 0.6850333333333334 1524063411.5158758
1 10.292619739272853 0.6588 1524063411.864443
2 9.42277720835578 0.6850333333333334 1524063411.9394302
1 10.214609180045523 0.6588 1524063412.2590606
2 9.535867723703145 0.6850333333333334 1524063412.3590493
1 10.280092273429208 0.6588 1524063412.6472104
2 9.4038181629103 0.6850333333333334 1524063412.7922986
1 10.285371814454663 0.6588 1524063413.0315106
2 9.132837327444625 0.6850333333333334 1524063413.2517529
1 10.254900012640102 0.6588 1524063413.4274006
2 9.07595256171367 0.6850333333333334 1524063413.6837394
1 10.294466052752854 0.6588 1524063413.8136768
2 9.203043016051959 0.6850333333333334 1524063414.100309
1 10.293275867203771 0.6588 1524063414.2039905
2 9.340669664257526 0.6850333333333334 1524063414.5370584
1 10.270364795383747 0.6588 1524063414.5971358
2 9.310403856095677 0.6850333333333334 1524063414.9697978
1 10.16620830104912 0.6588 1524063414.9960752
1 10.027208361825359 0.6588 1524063415.396052
2 9.205072435001055 0.6850333333333334 1524063415.4175167
1 10.115816150076343 0.6588 1524063415.7848816
2 9.029130967388172 0.6850333333333334 1524063415.8723345
1 10.246347461354631 0.6588 1524063416.163593
2 9.062128098797292 0.6850333333333334 1524063416.2936676
1 10.276475940414663 0.6588 1524063416.5645318
2 8.99971202202088 0.7165 1524063416.7328618
1 10.259683643020097 0.6588 1524063416.9536607
2 9.326028856124791 0.7165 1524063417.1533623
1 10.295885120138315 0.6588 1524063417.3291864
2 9.248811753930177 0.7165 1524063417.5929081
1 10.396379505091119 0.6588 1524063417.718601
2 9.533578905339505 0.7165 1524063417.9913535
1 10.303072009800143 0.6588 1524063418.1195245
2 9.634080919686863 0.7165 1524063418.3977115
1 10.25374797406373 0.6588 1524063418.4980943
2 9.593240770685 0.7165 1524063418.8441265
1 10.233408008205535 0.6588 1524063418.8894947
2 9.535585436104965 0.7165 1524063419.2550385
1 10.380365405940209 0.6588 1524063419.2781026
1 10.096757922501782 0.6588 1524063419.6880183
2 9.195940049730131 0.7165 1524063419.7076814
1 10.093507800425419 0.6588 1524063420.0776963
2 9.374414476332097 0.7165 1524063420.125973
1 10.044351611369011 0.6588 1524063420.469442
2 9.21924785006651 0.7165 1524063420.5523598
1 10.291833911634681 0.6588 1524063420.8562887
2 9.602769884472293 0.7165 1524063420.9548483
1 10.282159839351033 0.6588 1524063421.2459352
2 9.587877306319546 0.7165 1524063421.3730063
1 10.263254199667381 0.6588 1524063421.6370735
2 9.598924669621372 0.7165 1524063421.8053045
1 10.199182544274597 0.6588 1524063422.0301666
2 9.448205980375795 0.7165 1524063422.2235475
1 10.250673328061913 0.6588 1524063422.4172292
2 9.402795824041212 0.7165 1524063422.6512425
1 10.289537463876488 0.6588 1524063422.805687
2 9.468584093206726 0.7165 1524063423.0692751
1 10.32318309382198 0.6588 1524063423.1935132
2 9.213724168415597 0.7165 1524063423.5251884
1 10.191316638498233 0.6588 1524063423.5940073
1 10.216859851436432 0.6588 1524063423.9862845
2 9.01695445369362 0.7165 1524063424.008809
1 10.248552356378278 0.6588 1524063424.3660004
2 8.985612900900867 0.7448333333333333 1524063424.4071398
1 10.322237048898332 0.6588 1524063424.7557955
2 9.322603257973876 0.7448333333333333 1524063424.8120544
1 10.247056995047366 0.6588 1524063425.1499636
2 9.75039103953241 0.7448333333333333 1524063425.2114348
1 10.20986369663825 0.6588 1524063425.5395145
2 9.916978869432542 0.7448333333333333 1524063425.6156769
1 10.354929004525633 0.6588 1524063425.9167187
2 9.991640124454426 0.7448333333333333 1524063426.0159583
1 10.424776111589328 0.6588 1524063426.3053634
2 9.929315600412554 0.7448333333333333 1524063426.4203181
1 10.41745189282569 0.6588 1524063426.6895745
2 9.971765551663507 0.7448333333333333 1524063426.8189228
1 10.311868701711061 0.6588 1524063427.0774958
2 9.996561083936243 0.7448333333333333 1524063427.2158198
1 10.24460033000373 0.6588 1524063427.4744873
2 9.809839281830644 0.7448333333333333 1524063427.6464176
1 10.24282268107464 0.6588 1524063427.8633614
2 9.926576647770743 0.7448333333333333 1524063428.027112
1 10.25622752729101 0.6588 1524063428.2479575
2 9.9558887816144 0.7448333333333333 1524063428.4190326
1 10.158990893809104 0.6588 1524063428.652935
2 10.071367297454486 0.7448333333333333 1524063428.8354125
1 10.20543864780187 0.6588 1524063429.040422
2 9.590379747730458 0.7448333333333333 1524063429.2815385
1 10.113916430834525 0.6588 1524063429.4367096
2 9.43911174207761 0.7448333333333333 1524063429.692707
1 10.236589465730988 0.6588 1524063429.8257027
2 9.407960924148489 0.7448333333333333 1524063430.1096318
1 10.213953052114608 0.6588 1524063430.2131119
2 9.582361254063185 0.7448333333333333 1524063430.5326142
1 10.269517932589201 0.6588 1524063430.605338
2 9.2929020250084 0.7448333333333333 1524063430.9859934
1 10.229738269429163 0.6588 1524063431.0153565
2 9.374300035413912 0.7448333333333333 1524063431.393444
1 10.132486377158184 0.6588 1524063431.4161458
1 10.100198779441792 0.6588 1524063431.7915256
2 9.436845811897602 0.7448333333333333 1524063431.8123972
1 10.171663318149127 0.6588 1524063432.1772242
2 9.931802783034374 0.7448333333333333 1524063432.1978571
1 10.221017871463705 0.6588 1524063432.5765054
2 9.89921763893072 0.7448333333333333 1524063432.6040702
1 10.25507548871465 0.6588 1524063432.9660652
2 10.032915148945373 0.7448333333333333 1524063433.0004284
1 10.26594737594192 0.6588 1524063433.3460789
2 9.98110393058714 0.7448333333333333 1524063433.3915346
1 10.30351451468378 0.6588 1524063433.7352881
2 9.839914355128847 0.7448333333333333 1524063433.82178
1 10.327867542072891 0.6588 1524063434.123819
2 9.694994005737811 0.7448333333333333 1524063434.2367067
1 10.26223949019283 0.6588 1524063434.5171304
2 9.640039476826864 0.7448333333333333 1524063434.6404788
1 10.240663562418263 0.6588 1524063434.9067268
2 9.916696581834364 0.7448333333333333 1524063435.0315073
1 10.299257312527406 0.6588 1524063435.2882972
2 9.969217333885315 0.7448333333333333 1524063435.443792
1 10.30737498832378 0.6588 1524063435.6808016
2 9.78340342973062 0.7448333333333333 1524063435.8643758
1 10.363809619776555 0.6588 1524063436.0672798
2 9.876298937716156 0.7448333333333333 1524063436.248699
1 10.261079822221923 0.6588 1524063436.4589698
2 9.70965770205419 0.7448333333333333 1524063436.6757047
1 10.252374683045547 0.6588 1524063436.8501794
2 9.720270189866929 0.7448333333333333 1524063437.0970309
1 10.291910205580129 0.6588 1524063437.2310503
2 9.627809557370496 0.7448333333333333 1524063437.4949243
1 10.288530383796497 0.6588 1524063437.62651
2 9.840280566067024 0.7448333333333333 1524063437.8973513
1 10.289743457529216 0.6588 1524063438.0194697
2 9.996027026318062 0.7448333333333333 1524063438.297779
1 10.102884326321798 0.6588 1524063438.4181862
2 9.444414171286699 0.7448333333333333 1524063438.763788
1 10.122835193058176 0.6588 1524063438.8124347
2 9.38131144900119 0.7448333333333333 1524063439.1757562
1 10.148920093009098 0.6588 1524063439.1999428
1 10.27306560105284 0.6588 1524063439.5903156
2 9.187692674226486 0.7448333333333333 1524063439.6142535
1 10.339403186625626 0.6588 1524063439.9698486
2 9.611383470914111 0.7448333333333333 1524063440.0124815
1 10.237955127354628 0.6588 1524063440.3701086
2 9.607065233601375 0.7448333333333333 1524063440.4230187
1 10.139513049534543 0.6588 1524063440.771366
2 9.777025255890615 0.7448333333333333 1524063440.8328235
1 10.181993518363681 0.6588 1524063441.1493132
2 9.895082507087077 0.7448333333333333 1524063441.2345526
1 10.233812366116448 0.6588 1524063441.544689
2 10.094667468396324 0.7448333333333333 1524063441.6127605
1 10.365526233549286 0.6588 1524063441.9273481
2 9.886690173087068 0.7448333333333333 1524063442.0448933
1 10.261888538043745 0.6588 1524063442.3177161
2 9.944818530128929 0.7448333333333333 1524063442.4314013
1 10.283563647947402 0.6588 1524063442.7158794
2 9.81257823447246 0.7448333333333333 1524063442.835294
1 10.255113635687378 0.6588 1524063443.099251
2 10.113527331712705 0.7448333333333333 1524063443.2336447
1 10.291139636731035 0.6588 1524063443.4833577
2 9.747301134741502 0.7448333333333333 1524063443.6620502
1 10.397897754605665 0.6588 1524063443.8649173
2 9.73883250679603 0.7448333333333333 1524063444.0665476
1 10.362695728172916 0.6588 1524063444.2575736
2 9.695726427614177 0.7448333333333333 1524063444.472003
1 10.31974986627651 0.6588 1524063444.6495645
2 9.740404162072394 0.7448333333333333 1524063444.897434
1 10.281946216303764 0.6588 1524063445.0324028
2 9.761598620119697 0.7448333333333333 1524063445.2967405
1 10.404512439676587 0.6588 1524063445.4097526
2 9.628557238035942 0.7448333333333333 1524063445.7154207
1 10.49044231044211 0.6588 1524063445.7916932
2 9.832971606092475 0.7448333333333333 1524063446.1162856
1 10.51396373382577 0.6588 1524063446.1757462
2 9.77769664261062 0.7448333333333333 1524063446.5256388
1 10.393137012409309 0.6588 1524063446.5661547
2 9.92902568341983 0.7448333333333333 1524063446.9242404
1 10.314775501032871 0.6588 1524063446.954568
2 10.055002246154475 0.7448333333333333 1524063447.3083398
1 10.359651599749274 0.6588 1524063447.3386009
2 9.99528697504715 0.7448333333333333 1524063447.7276175
1 10.191713367014598 0.6588 1524063447.749684
1 10.238809619543726 0.6588 1524063448.1294782
2 9.982751879808966 0.7448333333333333 1524063448.1562545
1 10.03318217775446 0.6588 1524063448.5264874
2 9.539163622146779 0.7448333333333333 1524063448.567312
1 10.181131396780039 0.6588 1524063448.9195335
2 9.657609972465066 0.7448333333333333 1524063448.9668963
1 10.177087817670941 0.6588 1524063449.3059976
2 9.673952135581438 0.7448333333333333 1524063449.36798
1 10.104616198883608 0.6588 1524063449.715742
2 9.794343981508813 0.7448333333333333 1524063449.7968717
1 10.140932116920002 0.6588 1524063450.106089
2 9.76858714552333 0.7448333333333333 1524063450.1958652
1 10.062067065503575 0.6588 1524063450.4979782
2 9.555116686141341 0.7448333333333333 1524063450.6216507
1 10.235948596589179 0.6588 1524063450.8872662
2 9.860925707707043 0.7448333333333333 1524063451.009341
1 10.217577014523703 0.6588 1524063451.2786548
2 9.877962145727059 0.7448333333333333 1524063451.4102833
1 10.179285083300034 0.6588 1524063451.6782427
2 10.12533000507454 0.7448333333333333 1524063451.8088877
1 10.263597522421923 0.6588 1524063452.0567973
2 9.956186328001676 0.7448333333333333 1524063452.2132616
1 10.202043567229147 0.6588 1524063452.4528115
2 9.822061571892467 0.7448333333333333 1524063452.6313624
1 10.236497912996446 0.6588 1524063452.8511403
2 9.766771349621514 0.7448333333333333 1524063453.0378335
1 10.218057666380068 0.6588 1524063453.232182
2 9.755929979972414 0.7448333333333333 1524063453.4504232
