2 3 1524061694.57558
1 3 1524061694.9457095
1 10.628404652007683 0.99 1524061696.0998087
1 10.654016529496792 0.9899666666666667 1524061696.3863862
2 6.628285420366166 0.99 1524061696.4070036
1 10.66908458372408 0.9899333333333333 1524061696.6689985
2 6.939686788133697 0.99 1524061696.8333578
1 10.575441395073096 0.9899 1524061696.952462
1 10.542512928214883 0.9898666666666667 1524061697.234853
2 6.92304326393277 0.99 1524061697.2568371
1 10.594553028409468 0.9898333333333333 1524061697.519155
2 6.849099171998163 0.99 1524061697.6784024
1 10.5360889780076 0.9898 1524061697.801744
1 10.554567371596715 0.9897666666666667 1524061698.0908558
2 7.065464986610162 0.99 1524061698.1121602
1 10.417970691654784 0.9897333333333334 1524061698.3851953
2 7.207219137264826 0.99 1524061698.499275
1 10.477640186394833 0.9897 1524061698.6618617
2 7.1914415493448125 0.99 1524061698.918206
1 10.476732288443921 0.9896666666666667 1524061698.9500098
1 10.487489734753014 0.9896333333333334 1524061699.2332149
2 7.325009359652195 0.99 1524061699.317807
1 10.692125355251369 0.9895666666666667 1524061699.5087245
2 7.298230184797628 0.99 1524061699.7491863
1 10.6560306896568 0.9895 1524061699.786833
1 10.645196949402242 0.9894333333333334 1524061700.0750465
2 7.277775778021245 0.99 1524061700.1481438
1 10.728570972995042 0.9893333333333333 1524061700.3536198
2 7.263882650553963 0.99 1524061700.5718052
1 10.689035450460462 0.9892333333333333 1524061700.6351638
1 10.598306690525831 0.9891 1524061700.9179409
2 7.405579580749538 0.99 1524061700.9399972
1 10.700387989544097 0.9889333333333333 1524061701.1957119
2 7.416295065388636 0.99 1524061701.36687
1 10.58392528180764 0.9887666666666667 1524061701.4857652
2 7.424344076634096 0.99 1524061701.7662585
1 10.493967090722121 0.9886 1524061701.7889547
1 10.489412342178479 0.9884 1524061702.06351
2 7.389920248444977 0.99 1524061702.1946464
1 10.355905567027454 0.9882 1524061702.3566616
2 7.322457327176741 0.99 1524061702.5752387
1 10.402368579809314 0.988 1524061702.640098
1 10.368799243809287 0.9877666666666667 1524061702.9383323
2 7.520115866363269 0.99 1524061702.9688864
1 10.28460887500013 0.9875333333333334 1524061703.2286348
2 7.614674582359704 0.99 1524061703.342356
1 10.358140979629272 0.9873 1524061703.5161886
2 7.72007085330798 0.99 1524061703.7491221
1 10.248827014581906 0.9870666666666666 1524061703.8113725
1 10.200677905605504 0.9868333333333333 1524061704.1105142
2 7.65884114738338 0.99 1524061704.1416519
1 10.203775439790972 0.9865666666666667 1524061704.4109423
2 7.655549063637011 0.99 1524061704.5305765
1 10.197420154134596 0.9863 1524061704.6898777
2 7.61365605818789 0.99 1524061704.917019
1 10.340234790631072 0.9860333333333333 1524061704.9732947
1 10.503816639080306 0.9857 1524061705.2515273
2 7.569188132079673 0.99 1524061705.3365114
1 10.633905445474952 0.9853333333333333 1524061705.5355327
2 7.492440237649606 0.99 1524061705.743322
1 10.642648731624051 0.9849333333333333 1524061705.8209653
1 10.63868144646042 0.9844666666666667 1524061706.1050174
2 7.376965536506786 0.99 1524061706.1592245
1 10.311265979541966 0.984 1524061706.4148505
2 7.2875642912230765 0.99 1524061706.565334
1 10.397096668178397 0.9835333333333334 1524061706.6911476
2 7.552285208464199 0.99 1524061706.9217649
1 10.388765369334752 0.9830333333333333 1524061706.97575
1 10.309267078171047 0.9825 1524061707.2645652
2 7.430165304672281 0.99 1524061707.3570287
1 10.527040516076687 0.9819333333333333 1524061707.5531569
2 7.54792500948147 0.99 1524061707.747017
1 10.426935230245695 0.9813333333333333 1524061707.8400269
1 10.397264514858405 0.9807 1524061708.1281734
2 7.520768179596902 0.99 1524061708.1598659
1 10.4169330939966 0.9800333333333333 1524061708.418259
2 7.2570543424357785 0.99 1524061708.575067
1 10.451395069158448 0.9793333333333333 1524061708.7020116
2 7.402604116876806 0.99 1524061708.9856503
1 10.505899463791218 0.9785666666666667 1524061709.006731
1 10.537805591780334 0.9777333333333333 1524061709.2654047
2 7.291840566865805 0.99 1524061709.3917525
1 10.637262379074954 0.9768333333333333 1524061709.545158
2 7.504700674684163 0.99 1524061709.7624571
1 10.58860210066401 0.9758666666666667 1524061709.8379438
1 10.509164844656675 0.9748333333333333 1524061710.1238325
2 7.558022513162389 0.99 1524061710.1613498
1 10.403635059303863 0.9737666666666667 1524061710.4209697
2 7.624833121196989 0.99 1524061710.552745
1 10.346666370232906 0.9726666666666667 1524061710.7042363
2 7.608540549145158 0.99 1524061710.9711523
1 10.424440418229329 0.9715 1524061710.9940875
1 10.446619068172987 0.9703 1524061711.2738266
2 7.450917257835936 0.99 1524061711.374727
1 10.567842518105818 0.969 1524061711.5589359
2 7.3964662689649785 0.99 1524061711.7834442
1 10.623392139791308 0.9675666666666667 1524061711.832842
1 10.594278370205837 0.9660333333333333 1524061712.119327
2 7.285790456991251 0.99 1524061712.2004366
1 10.461076770836629 0.9644666666666667 1524061712.4179933
2 7.334202780079478 0.99 1524061712.6075025
1 10.41505626293841 0.9628333333333333 1524061712.708188
1 10.33504680234016 0.9611666666666666 1524061712.994817
2 7.337704672175844 0.99 1524061713.0230358
1 10.333154712492894 0.9594333333333334 1524061713.2865593
2 7.3121805327240015 0.99 1524061713.42362
1 10.435274158483887 0.9576333333333333 1524061713.5679088
2 7.349007620194944 0.99 1524061713.833913
1 10.466676746433007 0.9557333333333333 1524061713.8547983
1 10.556352649920345 0.9537333333333333 1524061714.1314662
2 7.319382681174916 0.99 1524061714.246608
1 10.533662830542143 0.9516333333333333 1524061714.4211607
1 10.575426136284003 0.9494 1524061714.7038996
2 7.018441213329212 0.99 1524061714.728849
1 10.60920146593676 0.947 1524061714.9874332
2 7.025013936730127 0.99 1524061715.13203
1 10.426935230245693 0.9445333333333333 1524061715.2805028
2 7.011021627133754 0.99 1524061715.5459554
1 10.463327442227545 0.9419666666666666 1524061715.5697854
1 10.364030872218366 0.9393333333333334 1524061715.863993
2 7.101098073834739 0.99 1524061715.9355097
1 10.356058154918365 0.9366333333333333 1524061716.145291
2 7.413594259719544 0.99 1524061716.3310404
1 10.401781116429316 0.9338666666666666 1524061716.4350169
1 10.29369548390377 0.9310333333333334 1524061716.7329705
2 7.4983987947896145 0.99 1524061716.7545085
1 10.252107654236465 0.9281666666666667 1524061717.030421
2 7.51675893276326 0.99 1524061717.1419814
1 10.175645862101845 0.9253 1524061717.3239625
2 7.315918936051281 0.99 1524061717.580589
1 10.182771716607311 0.9224 1524061717.6177351
1 10.219934497438256 0.9194333333333333 1524061717.9075162
2 7.20235921293937 0.99 1524061717.997259
1 10.351617847292909 0.9164 1524061718.1922715
2 7.205887807916641 0.99 1524061718.39724
1 10.197298083821872 0.9133333333333333 1524061718.499647
2 7.2675447599357845 0.99 1524061718.7942986
1 10.125513110543631 0.9102666666666667 1524061718.8184235
1 10.13321879903455 0.9071666666666667 1524061719.0934544
2 7.2537775174785 0.99 1524061719.2313976
1 9.976457629308959 0.9041 1524061719.3943079
2 7.304711355463996 0.99 1524061719.6404026
1 10.109354052896338 0.901 1524061719.686824
1 10.174379382607299 0.8978666666666667 1524061719.9782221
2 7.188179983176631 0.99 1524061720.0664937
1 10.168184314236392 0.8947 1524061720.2719183
2 7.143292440368408 0.99 1524061720.4725342
1 10.193246875318236 0.8915 1524061720.5753827
1 10.173494372840029 0.8883 1524061720.866399
2 7.29876042771854 0.99 1524061720.888449
1 10.208986316265522 0.8850333333333333 1524061721.1514995
2 7.221108450034835 0.99 1524061721.301011
1 10.094377551403607 0.8817666666666667 1524061721.459351
2 7.287983907923071 0.99 1524061721.7159452
1 10.092897448861782 0.8785 1524061721.7605605
1 10.105936084139977 0.8752333333333333 1524061722.0548303
2 7.223767294033932 0.99 1524061722.1363695
1 9.966348681536227 0.872 1524061722.3589642
2 7.14457799334932 0.99 1524061722.5531952
1 9.973978076081691 0.8687666666666667 1524061722.6652238
2 7.23556233800121 0.99 1524061722.9602394
1 9.905244860621622 0.8656333333333334 1524061722.9826782
1 9.86526683320342 0.8626 1524061723.2703273
2 7.119706167131117 0.99 1524061723.4001894
1 9.833566698867022 0.8597333333333333 1524061723.5788558
2 7.18114568140571 0.99 1524061723.8038902
1 9.778810534214255 0.8571 1524061723.8909972
1 9.800684008376082 0.8546333333333334 1524061724.1942687
2 7.1622553005111484 0.99 1524061724.2291706
1 9.780664477088795 0.8523666666666667 1524061724.4961855
2 7.006440175709204 0.99 1524061724.672473
1 9.798273119699715 0.8502333333333333 1524061724.8035126
2 7.017415059762848 0.99 1524061725.1128037
1 9.76727488966151 0.8483333333333334 1524061725.1413279
1 9.709154162014189 0.8467 1524061725.4320471
2 7.033089650856501 0.99 1524061725.5118933
1 9.642473253686859 0.8454666666666667 1524061725.7399147
2 7.090981496667456 0.99 1524061725.9212823
1 9.662393602845057 0.8445 1524061726.0425653
2 7.2597093717375945 0.99 1524061726.3277013
1 9.757600817377869 0.8436333333333333 1524061726.3516386
1 9.713159594150566 0.8429666666666666 1524061726.6681263
2 7.471570028870501 0.99 1524061726.7181513
1 9.634004625741397 0.8426333333333333 1524061726.9876204
2 7.498906149526887 0.99 1524061727.1094947
1 9.640260729268682 0.8425 1524061727.2890453
2 7.576535239026948 0.99 1524061727.5049284
1 9.600488695503198 0.8426333333333333 1524061727.598271
2 7.6201944493133515 0.99 1524061727.9032977
1 9.648324999303227 0.8429 1524061727.9284081
1 9.798631701243359 0.8431 1524061728.2148886
2 7.652894034335196 0.99 1524061728.2856796
1 9.694833788452366 0.8435 1524061728.5256479
2 7.490498556737789 0.99 1524061728.712313
1 9.651987108685056 0.8440333333333333 1524061728.8411205
2 7.3694048065122315 0.99 1524061729.1329565
1 9.69961741883236 0.8446 1524061729.1557512
1 9.606935533894115 0.8453666666666667 1524061729.461129
2 7.385956777978609 0.99 1524061729.5257087
1 9.659593615046877 0.8461333333333333 1524061729.7711136
2 7.242562307496669 0.99 1524061729.9418461
1 9.757387194330594 0.8468333333333333 1524061730.0712106
2 7.3821725982840585 0.99 1524061730.3375664
1 9.653329882125053 0.8476666666666667 1524061730.391477
1 9.698656115119634 0.8484666666666667 1524061730.6965497
2 7.475415243721413 0.99 1524061730.7384799
1 9.758028063472409 0.8492 1524061730.999421
2 7.259373678377594 0.99 1524061731.1831093
1 9.7204990717033 0.85 1524061731.3098311
2 7.359204306004954 0.99 1524061731.571319
1 9.842966112947027 0.8506333333333334 1524061731.6107335
1 9.859567675477953 0.8512333333333333 1524061731.9148993
2 7.560761465804206 0.99 1524061731.9352112
1 9.763765368170597 0.8519333333333333 1524061732.2270386
2 7.547398581257833 0.99 1524061732.3295207
1 9.785577807176068 0.8526 1524061732.5332875
2 7.695103659657956 0.99 1524061732.7398057
1 9.683542284525085 0.8533666666666667 1524061732.8508775
1 9.705400499897829 0.8540666666666666 1524061733.1507409
2 7.596623434865145 0.99 1524061733.1735687
1 9.69310191589054 0.8547666666666667 1524061733.46554
2 7.413174643019541 0.99 1524061733.5429158
1 9.659082445612336 0.8554666666666667 1524061733.776129
2 7.396962179610436 0.99 1524061733.9512148
1 9.764566454597878 0.856 1524061734.0786805
2 7.285416616658525 0.99 1524061734.3896651
1 9.690652880241457 0.8566 1524061734.4125936
1 9.74557689157422 0.8570666666666666 1524061734.6960368
2 7.165635122294788 0.99 1524061734.825144
1 9.773019823754248 0.8574666666666667 1524061735.0055456
2 7.009221090021025 0.99 1524061735.257529
1 9.710687670317828 0.8579333333333333 1524061735.31404
1 9.806444201257916 0.8582333333333333 1524061735.613595
2 6.9693575035209925 0.99 1524061735.6744812
1 9.863893542185231 0.8584333333333334 1524061735.9114983
2 7.005093587571929 0.99 1524061736.0977995
1 9.88357738011252 0.8585666666666667 1524061736.215256
2 7.148854268992047 0.99 1524061736.5040777
1 9.874361071501596 0.8587 1524061736.5290258
1 9.792741808654268 0.8589 1524061736.8395846
2 7.2181444302539255 0.99 1524061736.9195504
1 9.713121447177835 0.8591666666666666 1524061737.1509092
2 7.285359396199436 0.99 1524061737.3211975
1 9.5756016104959 0.8596 1524061737.4688594
2 7.4209680695477305 0.99 1524061737.7150013
1 9.666399034981435 0.8598666666666667 1524061737.7707942
1 9.730287584905122 0.86 1524061738.0704508
2 7.434441580315014 0.99 1524061738.1174996
1 9.816118273541555 0.8599666666666667 1524061738.3718398
2 7.402234091241353 0.99 1524061738.542284
1 9.967256579487133 0.8597 1524061738.675283
1 9.985246691825333 0.8594 1524061738.9721458
2 7.259396566561234 0.99 1524061738.9943974
1 10.083261523550863 0.8590333333333333 1524061739.2670333
2 7.214238180246651 0.99 1524061739.3781245
1 9.91829112529436 0.8588333333333333 1524061739.5832329
2 7.302250875723085 0.99 1524061739.7620616
1 9.902666125265258 0.8586333333333334 1524061739.885959
2 7.358765615818587 0.99 1524061740.175074
1 9.889337572994346 0.8584333333333334 1524061740.2151976
1 9.620592150130483 0.8586666666666667 1524061740.5081313
2 7.422024740692272 0.99 1524061740.589297
1 9.755327257803321 0.8586333333333334 1524061740.8106616
2 7.608090414866978 0.99 1524061740.9550183
1 9.759698900877869 0.8586 1524061741.115808
2 7.46850301226322 0.99 1524061741.3694541
1 9.686906847519625 0.8586666666666667 1524061741.4264152
1 9.825395617308837 0.8585 1524061741.732498
2 7.542946829540558 0.99 1524061741.7621267
1 9.743722948699679 0.8584666666666667 1524061742.0414834
2 7.535229696957826 0.99 1524061742.1810515
1 9.697038683476007 0.8585 1524061742.3519022
2 7.303502096428543 0.99 1524061742.5993307
1 9.730928454046932 0.8585 1524061742.6590579
2 7.575184836192404 0.99 1524061742.954965
1 9.68673137144508 0.8586 1524061742.9962127
1 9.750864061994227 0.8586 1524061743.272734
2 7.418683065881365 0.99 1524061743.3775153
1 9.861253771672502 0.8584 1524061743.5686924
2 7.3157129423985525 0.99 1524061743.824972
1 9.862726244819768 0.8582 1524061743.874585
1 9.884485278063424 0.8579666666666667 1524061744.1842983
2 7.233456625106662 0.99 1524061744.2582643
1 9.868677172565231 0.8577666666666667 1524061744.490945
2 7.064091695591981 0.99 1524061744.6510887
1 9.790971789119716 0.8577333333333333 1524061744.7964067
2 7.0775842798456265 0.99 1524061745.073403
1 9.803384814045186 0.8577 1524061745.0994325
1 9.762010607425148 0.8578 1524061745.4120007
2 7.120564474017482 0.99 1524061745.5073006
1 9.74048045601786 0.858 1524061745.7228775
2 7.3490076201949455 0.99 1524061745.8944771
1 9.732317003854206 0.8583 1524061746.0301588
2 7.539574637151466 0.99 1524061746.2423365
1 9.718454393965114 0.8587 1524061746.332002
1 9.801599535721536 0.859 1524061746.6367857
2 7.480671896563235 0.99 1524061746.6779237
1 9.864099535837951 0.8592 1524061746.9404798
2 7.591572775676055 0.99 1524061747.0899289
1 9.91247752665073 0.8593 1524061747.2404685
2 7.4257478852304635 0.99 1524061747.5105245
1 9.957078967163488 0.8593333333333333 1524061747.5418897
1 9.933389697099827 0.8594333333333334 1524061747.8479898
2 7.219735159016654 0.99 1524061747.9043293
1 9.927209887518007 0.8595333333333334 1524061748.145844
2 7.310582174566727 0.99 1524061748.318804
1 9.868860278034331 0.8597666666666667 1524061748.4538774
2 7.284390463092164 0.99 1524061748.7381685
1 9.855943713068854 0.8600666666666666 1524061748.7622895
1 9.855852160334312 0.8604 1524061749.064812
2 7.2539758817366815 0.99 1524061749.1627185
1 9.816980395125196 0.8609 1524061749.3681884
1 6 frame freq 1524061749.369751
1 12.369874992165482 0.8609 1524061749.7242339
2 7.636750235476996 0.99 1524061749.8901353
2 6 frame freq 1524061749.8916867
1 16.950290771108662 0.8498333333333333 1524061750.077716
1 16.7302285148394 0.8235666666666667 1524061750.4438107
2 9.07160380682276 0.99 1524061750.4868634
1 16.46232995477007 0.7816666666666666 1524061750.8050659
2 10.076646838479954 0.9899666666666667 1524061751.0812566
1 16.22443017405353 0.7219 1524061751.1830904
1 15.362749143247962 0.6492666666666667 1524061751.5870879
2 10.193094287427314 0.9899333333333333 1524061751.6615486
1 14.228227656759746 0.5698 1524061752.032318
2 10.355035816049266 0.9899 1524061752.2394998
1 12.763742485574905 0.49266666666666664 1524061752.5273223
2 10.032007250994454 0.9898666666666667 1524061752.856502
1 11.045404469678932 0.4284 1524061753.112851
2 10.04744914555447 0.9898333333333333 1524061753.4383938
1 9.599939379095915 0.3909 1524061753.7859623
2 10.491930042378474 0.9898 1524061753.9992895
1 8.492738754475 0.41326666666666667 1524061754.5351171
2 10.250093494076461 0.9897666666666667 1524061754.6059494
2 10.087144885374512 0.9897333333333334 1524061755.1902387
1 8.284051925473014 0.4660666666666667 1524061755.2267785
2 9.860536608585226 0.9897333333333334 1524061755.8236535
1 9.099855454824596 0.4936333333333333 1524061755.8525426
1 9.979143176188968 0.4856666666666667 1524061756.4323983
2 9.649026903601417 0.9897333333333334 1524061756.4561467
1 10.262872729940101 0.4730333333333333 1524061757.0219219
2 9.730951342230568 0.9897666666666667 1524061757.056201
1 9.903520617454353 0.4681666666666667 1524061757.6390412
2 9.798585924876088 0.9898 1524061757.6618989
2 10.049821887258107 0.9898 1524061758.2494938
1 9.583826097815903 0.4777666666666667 1524061758.2714458
2 9.958292040896223 0.9898 1524061758.864524
1 9.763010058110597 0.4807666666666667 1524061758.8863008
2 9.985857043388961 0.9898 1524061759.455894
1 9.934526476887111 0.4769 1524061759.4855409
2 10.044450793498104 0.9898 1524061760.0576055
1 9.968851122947132 0.47173333333333334 1524061760.0804555
2 9.88047984592706 0.9898 1524061760.66667
1 9.794809374576085 0.47423333333333334 1524061760.699215
2 9.824365649045193 0.9898333333333333 1524061761.2790914
1 9.824014696896105 0.476 1524061761.3003175
2 9.927629504218013 0.9898333333333333 1524061761.8743203
1 9.947526965192576 0.47286666666666666 1524061761.9142902
2 10.240564380289179 0.9898 1524061762.4527142
1 9.534517320868588 0.488 1524061762.5532877
2 10.984537159995243 0.9897 1524061762.966337
1 9.567003282843169 0.5029666666666667 1524061763.1582382
2 10.957201039338862 0.9896 1524061763.547846
1 10.16308787868003 0.4977 1524061763.7334607
2 10.354089771125642 0.9895333333333334 1524061764.1270058
1 10.595056568449476 0.4860333333333333 1524061764.2915158
2 9.95560649401622 0.9895333333333334 1524061764.7518516
1 10.271554980932843 0.4786 1524061764.9017367
2 10.031251940934453 0.9895 1524061765.3273883
1 9.92757609845619 0.47806666666666664 1524061765.5061507
2 10.596910511324023 0.9894333333333334 1524061765.8843987
1 10.168581042752749 0.4721 1524061766.0845041
2 10.418474231694773 0.9893666666666666 1524061766.4741247
1 10.178148303512765 0.46586666666666665 1524061766.6839855
2 10.225679431530981 0.9893333333333333 1524061767.0593743
1 9.855211291192495 0.4684 1524061767.2998083
2 10.558801685569435 0.9892333333333333 1524061767.6094608
1 9.682878527199621 0.47886666666666666 1524061767.9179285
2 10.61036113390766 0.9891333333333333 1524061768.1895077
1 9.993959460396242 0.47646666666666665 1524061768.507108
2 10.410249744374777 0.9890666666666666 1524061768.762917
1 10.134676013392733 0.47186666666666666 1524061769.1124222
2 10.335557971774714 0.989 1524061769.3498127
1 9.797014269599723 0.478 1524061769.72562
2 10.144868884505465 0.9889333333333333 1524061769.9461668
1 9.780839953163342 0.48533333333333334 1524061770.3315332
2 10.06344798591631 0.9889 1524061770.544
1 9.939432177579834 0.48623333333333335 1524061770.9399185
2 10.511240039973044 0.9888 1524061771.0883245
1 10.004800830045342 0.48456666666666665 1524061771.5313828
2 10.893838917638812 0.9886 1524061771.6446476
1 9.887056384025254 0.4879 1524061772.1444955
2 10.259103809034643 0.9884666666666667 1524061772.2574837
1 9.876451525607056 0.49196666666666666 1524061772.743789
2 9.476762804159462 0.9887666666666667 1524061772.9136283
1 9.94972423082166 0.4931 1524061773.3503854
2 10.30556682181651 0.9886666666666667 1524061773.4210782
1 10.102357898098154 0.49066666666666664 1524061773.9395266
2 10.962289845500685 0.9883666666666666 1524061774.006744
1 9.968927416892585 0.4910333333333333 1524061774.5567644
2 10.101419482569069 0.9882666666666666 1524061774.6105208
1 9.805444750572457 0.4986 1524061775.1539946
2 10.054018054258108 0.9882 1524061775.1983614
1 10.192056689769135 0.4953 1524061775.7327156
2 10.184267077938228 0.9881 1524061775.788767
1 10.426332508076607 0.48846666666666666 1524061776.3052874
2 9.873292956265233 0.9881333333333333 1524061776.4141426
1 10.230485950094618 0.4841666666666667 1524061776.9046037
2 9.371179613044829 0.9888 1524061777.068442
1 10.073053393649042 0.48196666666666665 1524061777.4992979
2 9.292284044050215 0.9899333333333333 1524061777.7037206
1 10.038850817901736 0.48023333333333335 1524061778.1000307
2 10.519998584911226 0.9896 1524061778.209093
1 9.997522387648978 0.47913333333333336 1524061778.697879
2 10.781129872018711 0.9891 1524061778.8211322
1 9.997125659132609 0.47806666666666664 1524061779.300195
2 10.21856883581461 0.9889333333333333 1524061779.383183
1 10.025262866216275 0.4765 1524061779.8941917
2 11.021760975982556 0.9882666666666666 1524061779.915761
2 11.08895305374443 0.9875 1524061780.4678247
1 10.00250438228716 0.47526666666666667 1524061780.5021327
2 10.432374988556607 0.9871333333333333 1524061781.056617
1 10.02607921143263 0.4736666666666667 1524061781.0912406
2 10.339014087503807 0.9868333333333333 1524061781.626688
1 10.058465991278124 0.4715666666666667 1524061781.6945832
2 10.240640674234635 0.9866 1524061782.228367
1 9.762910875981506 0.4807 1524061782.3228526
2 10.286081348147396 0.9863333333333333 1524061782.79184
1 9.729036364199661 0.4918666666666667 1524061782.926305
2 10.15431407495275 0.9861333333333333 1524061783.4148636
1 10.188554797672777 0.4890333333333333 1524061783.5089068
2 9.847665819987034 0.9863666666666666 1524061784.0105977
1 10.257822070751013 0.4850333333333333 1524061784.09756
2 10.410745655020222 0.986 1524061784.5655231
1 9.970430407618046 0.4859 1524061784.7029417
2 10.373895679365654 0.9856333333333334 1524061785.167473
1 10.215791736200071 0.4824 1524061785.2830336
2 10.015398059068989 0.9855333333333334 1524061785.7607343
1 10.252428088807369 0.4782 1524061785.880616
2 10.214029346060071 0.9852666666666666 1524061786.3453836
1 9.873674425992512 0.4830333333333333 1524061786.49005
2 10.36783031070201 0.9849 1524061786.9175248
1 10.015985522448995 0.4824 1524061787.070227
2 10.321596179756524 0.9845333333333334 1524061787.5063
1 10.139215503147277 0.4799333333333333 1524061787.67152
2 10.631929432287683 0.9839333333333333 1524061788.0472827
1 10.009729418921717 0.4792666666666667 1524061788.2699132
2 10.826692616244204 0.9831 1524061788.613349
1 10.001504931601701 0.4787 1524061788.8693357
2 10.231821094140074 0.9826333333333334 1524061789.2206123
1 9.78089335892516 0.4878 1524061789.4999914
2 10.012582812481721 0.9823333333333333 1524061789.8122067
1 9.968751940818045 0.4891666666666667 1524061790.0855386
2 10.284769092285577 0.9818333333333333 1524061790.3854973
1 10.004640612759896 0.4891666666666667 1524061790.6978674
2 10.192422900707315 0.9813666666666667 1524061790.9930067
1 10.026971850594457 0.48883333333333334 1524061791.271297
2 9.906755480741628 0.9812666666666666 1524061791.5978117
1 10.19201854279641 0.48606666666666665 1524061791.8799996
2 10.122652087589087 0.9808666666666667 1524061792.176637
1 9.982484850999876 0.48673333333333335 1524061792.4750829
2 11.026651417886185 0.9796666666666667 1524061792.6850667
1 10.014246020492624 0.48646666666666666 1524061793.069741
2 10.89258769693336 0.9783333333333334 1524061793.275443
1 10.014535937485348 0.4861666666666667 1524061793.6715922
2 10.522966419389407 0.9772 1524061793.829649
1 10.010744128396263 0.4859 1524061794.268732
2 10.89801219645518 0.9755333333333334 1524061794.378063
1 10.048692736865386 0.4851 1524061794.8639324
2 10.29856303762377 0.9742333333333333 1524061794.9939878
1 9.985498461845326 0.4856 1524061795.4806771
2 9.926530871403468 0.9733666666666667 1524061795.588756
1 9.944475207374385 0.48793333333333333 1524061796.080074
2 10.262933765096472 0.9721 1524061796.1611528
1 9.770303759296066 0.49806666666666666 1524061796.700822
2 10.301279102081956 0.9707333333333333 1524061796.752745
2 10.664552723364077 0.9689 1524061797.2866483
1 9.80893901327427 0.5070333333333333 1524061797.3083887
2 10.950593983662493 0.9664666666666667 1524061797.8469281
1 10.259866748489188 0.5042666666666666 1524061797.8691292
2 10.68068889282773 0.9639666666666666 1524061798.4135525
1 10.461061512047536 0.4983666666666667 1524061798.4594011
2 10.514711414491224 0.9614 1524061798.9881067
1 10.342630420518349 0.49383333333333335 1524061799.0295856
2 10.921525990444286 0.9580333333333333 1524061799.5095823
1 10.095453296034519 0.49266666666666664 1524061799.6321845
2 11.256532704935475 0.9534333333333334 1524061800.054908
1 10.141176257545453 0.4907666666666667 1524061800.2129626
2 10.51826671234941 0.9491666666666667 1524061800.6485736
1 10.249414477961919 0.4871666666666667 1524061800.801737
2 10.279108081532842 0.9449666666666666 1524061801.2232957
1 10.069643054287221 0.486 1524061801.4079185
2 10.550859485847615 0.9402333333333334 1524061801.7858973
1 9.943910632178019 0.4882666666666667 1524061802.0087867
2 9.85607341277613 0.9366 1524061802.4382417
1 9.976762805090782 0.48923333333333335 1524061802.6084027
1 10.050447497610843 0.4885 1524061803.202533
1 4 frame freq 1524061803.204296
2 7.739403739086171 0.9708666666666667 1524061803.4394205
2 4 frame freq 1524061803.4408917
1 7.215844167798466 0.4885 1524061803.7807775
2 8.343133956833059 0.9708666666666667 1524061803.8771117
1 7.029992116671043 0.5341 1524061804.3653834
2 6.940064443163693 0.99 1524061804.3935616
1 7.257481588530318 0.6303666666666666 1524061804.8552134
2 8.46557810989317 0.99 1524061804.877041
1 8.029695540721889 0.7333666666666666 1524061805.2759795
2 8.329538375753058 0.99 1524061805.3185225
1 9.370843919684821 0.7940333333333334 1524061805.6449924
2 8.571535141340531 0.99 1524061805.7920053
1 10.548799549320348 0.8243666666666667 1524061805.9946754
2 8.585603744882356 0.99 1524061806.2544742
1 11.420511281901062 0.8418 1524061806.326985
1 11.822740591732298 0.8513 1524061806.6584332
2 8.494279892173195 0.99 1524061806.730005
1 12.045366324568857 0.8548 1524061806.9882138
2 8.483812362856817 0.99 1524061807.206047
1 12.233369864958094 0.8526333333333334 1524061807.3097076
1 12.297807731289064 0.8464 1524061807.636514
2 8.551858932807777 0.99 1524061807.6604385
1 12.374513664049127 0.8360333333333333 1524061807.9614038
2 8.788278610982523 0.99 1524061808.0961883
1 12.163301505452592 0.8257 1524061808.2958481
2 9.002794297417239 0.99 1524061808.5390952
1 11.890611685608725 0.8166666666666667 1524061808.6458268
1 11.773103750819537 0.8073666666666667 1524061808.9811647
2 8.838777573478922 0.99 1524061809.021375
1 11.629015005433969 0.7983666666666667 1524061809.3259687
2 8.670419724044242 0.99 1524061809.4797177
1 11.722436941643135 0.7865666666666666 1524061809.668003
2 8.418802291934949 0.99 1524061809.9645946
1 11.399545705690137 0.7777333333333334 1524061810.0321836
1 11.422815359053791 0.7674 1524061810.3788705
2 8.571336777082346 0.99 1524061810.4191496
1 11.136903798462646 0.7599 1524061810.7470708
2 8.545869858089599 0.99 1524061810.8842952
1 11.193239247786323 0.7507 1524061811.1038783
2 8.876298935853505 0.99 1524061811.3152943
1 11.058000600073491 0.7424666666666667 1524061811.4643888
2 8.771646530873424 0.99 1524061811.785693
1 11.176286733106314 0.7318 1524061811.8199928
1 11.040727650822562 0.7221 1524061812.1909435
2 8.876062424622594 0.99 1524061812.2376509
1 10.962251698527954 0.7127333333333333 1524061812.558473
2 8.62573436019148 0.99 1524061812.7058501
1 10.730882679542313 0.7058666666666666 1524061812.9372942
2 8.576509506584161 0.99 1524061813.1848664
1 10.789674793909628 0.6976333333333333 1524061813.304026
2 8.614160568666012 0.99 1524061813.6362677
1 10.506258045334855 0.6927666666666666 1524061813.7001944
2 8.743188889218853 0.99 1524061814.079702
1 10.46830180747119 0.6880333333333334 1524061814.101017
1 10.220697436892792 0.6864333333333333 1524061814.475939
2 8.627428085780567 0.99 1524061814.5740626
1 10.251497302672826 0.6842333333333334 1524061814.8710437
2 8.899774582869883 0.99 1524061814.9792576
1 10.238679919836445 0.682 1524061815.2557788
2 8.955087693324485 0.99 1524061815.4190526
1 10.161943469498205 0.6806666666666666 1524061815.6583426
2 9.203271897888316 0.99 1524061815.8774326
1 10.234025989163715 0.6782 1524061816.0423882
2 9.013834031324526 0.99 1524061816.3096256
1 10.258295093212832 0.6752333333333334 1524061816.4322026
2 8.812959702337082 0.99 1524061816.7814076
1 10.269510303194652 0.6719 1524061816.82775
1 10.252061877869194 0.6686 1524061817.2119102
2 8.807870896175261 0.99 1524061817.2403173
1 10.166109118920021 0.6663 1524061817.6052845
2 8.679643662049706 0.99 1524061817.6923425
1 10.221826587285532 0.6631 1524061818.0031116
2 8.912858994515346 0.99 1524061818.128696
1 10.087747607543603 0.6616 1524061818.4035785
2 8.723306687033375 0.99 1524061818.615246
1 10.083505664176322 0.6601 1524061818.796509
2 8.72329905763883 0.99 1524061819.066376
1 10.137521777558185 0.6577666666666667 1524061819.185345
2 8.503786117776833 0.99 1524061819.5408561
1 10.10154155288179 0.6558333333333334 1524061819.6039639
2 8.966470749986312 0.99 1524061819.9541898
1 9.99883464351079 0.6553 1524061819.9971318
2 9.161928208846469 0.99 1524061820.3774734
1 9.705949816305097 0.6671666666666667 1524061820.4212787
1 9.8124332759761 0.6752333333333334 1524061820.8136737
2 9.229486497546528 0.99 1524061820.8408165
1 10.023294482423541 0.6755 1524061821.1941588
2 9.067338975271841 0.99 1524061821.2803128
1 10.280221973136477 0.6721333333333334 1524061821.5874598
2 8.848321946055304 0.99 1524061821.7323465
1 10.260629687943734 0.6688333333333333 1524061821.9822953
2 8.822450669151648 0.99 1524061822.199673
1 10.205537829930973 0.6661 1524061822.3721237
2 8.764551193946144 0.99 1524061822.6487296
1 10.082658801381774 0.6649333333333334 1524061822.7795737
2 8.72110179200974 0.99 1524061823.1087317
1 9.989923510681692 0.6653 1524061823.184555
2 8.905771286982624 0.99 1524061823.5470843
1 9.871614489465232 0.6706666666666666 1524061823.587944
1 9.944826159523476 0.6732666666666667 1524061823.9856966
2 8.780153305791613 0.99 1524061824.0147858
1 10.079149279890856 0.6725333333333333 1524061824.3748593
2 8.806421311211624 0.99 1524061824.470965
1 10.079561267196317 0.6717333333333333 1524061824.774181
2 8.780214340947971 0.99 1524061824.9125285
1 10.142969165263645 0.67 1524061825.1672442
2 8.739427597707943 0.99 1524061825.3877552
1 10.186517749329129 0.6675333333333333 1524061825.5537527
2 8.70959666503518 0.99 1524061825.8500268
1 10.276796374985567 0.6636666666666666 1524061825.9438844
1 10.265337024378288 0.6597333333333333 1524061826.335451
2 8.418993026798583 0.99 1524061826.358527
1 10.031312976090819 0.6589 1524061826.74848
2 8.511545212029564 0.99 1524061826.797757
1 9.859407458192498 0.6644 1524061827.1618228
2 8.680162460878792 0.99 1524061827.2335289
1 9.73002818549057 0.6757333333333333 1524061827.5678813
2 8.806558640313453 0.99 1524061827.7005608
1 9.95088389879257 0.6783666666666667 1524061827.9535487
2 8.92156413369172 0.99 1524061828.1440287
1 10.220460925661886 0.6759333333333334 1524061828.3347528
2 8.839349778069831 0.99 1524061828.5920022
1 10.323701892651066 0.6719 1524061828.7376642
2 9.187059434479213 0.99 1524061829.0079489
1 10.356309924938358 0.6671666666666667 1524061829.1143827
2 9.06115153629547 0.99 1524061829.4661145
1 10.221567187870976 0.6640333333333334 1524061829.5091112
1 10.22481730994734 0.6607 1524061829.9056637
2 8.709459335933367 0.99 1524061829.9684877
1 10.175897632121847 0.6578666666666667 1524061830.2943585
2 8.733865769084293 0.99 1524061830.3826787
1 9.998331103470802 0.6574333333333333 1524061830.707705
2 8.509363205189564 0.99 1524061830.8752775
1 9.9686603880835 0.6582666666666667 1524061831.1076784
2 8.81326487811891 0.99 1524061831.3279264
1 9.833086047010662 0.6649 1524061831.5139644
2 8.524972946429573 0.99 1524061831.7929368
1 9.991090808047158 0.6652666666666667 1524061831.9143088
2 8.726205856960654 0.99 1524061832.2508304
1 10.024332080081725 0.6649333333333334 1524061832.3068883
2 8.705843002918824 0.99 1524061832.707538
1 9.971742663479864 0.6661333333333334 1524061832.72889
1 9.91572764872709 0.6697333333333333 1524061833.1203842
2 8.709695847164271 0.99 1524061833.168098
1 9.844438586094302 0.6765666666666666 1524061833.5253537
2 8.863725693642579 0.99 1524061833.6061172
1 10.091363940558148 0.6759 1524061833.9050033
2 8.860826523715314 0.99 1524061834.0607312
1 10.24578288615828 0.673 1524061834.29013
2 8.878213913884409 0.99 1524061834.5198567
1 10.255212817816469 0.6697666666666666 1524061834.6961398
2 8.943727524846292 0.99 1524061834.9489148
1 10.171838794223664 0.6675 1524061835.085809
2 8.857629807400768 0.99 1524061835.4160883
1 10.059534106514477 0.6667 1524061835.484675
2 8.878046067204416 0.99 1524061835.8690288
1 10.14921763939637 0.6646 1524061835.8927188
1 10.154909167727283 0.6623 1524061836.2675962
2 8.81532481464618 0.99 1524061836.3117404
1 10.080278430283595 0.6609333333333334 1524061836.6733513
2 8.82255748067528 0.99 1524061836.776085
1 9.974824938876237 0.6617 1524061837.0792437
2 8.847124131111658 0.99 1524061837.2248247
1 9.985658679130784 0.6620666666666667 1524061837.4693282
2 8.618028671700559 0.99 1524061837.701469
1 10.020647082516275 0.6615666666666666 1524061837.8852084
2 8.714700729986095 0.99 1524061838.1534185
1 10.06326488044721 0.6604333333333333 1524061838.2724707
2 8.741235764215206 0.99 1524061838.5975006
1 9.883089098861614 0.6651 1524061838.6839435
2 8.798044236000711 0.99 1524061839.0659816
1 9.871301684288868 0.6705333333333333 1524061839.0893097
1 9.8171329830161 0.6785666666666667 1524061839.4967084
2 8.616876633124194 0.99 1524061839.55054
1 9.998155627396251 0.6794 1524061839.882267
2 8.654855759171499 0.99 1524061839.9846337
1 10.125093493843625 0.6784 1524061840.2724962
2 8.784952194960706 0.99 1524061840.4301636
1 10.270135913547382 0.6752666666666667 1524061840.6646554
2 8.704103500962459 0.99 1524061840.9257963
1 10.187929187320039 0.6730666666666667 1524061841.0631382
2 8.398881942776743 0.99 1524061841.4134843
1 10.17309001492912 0.6709333333333334 1524061841.4517505
1 10.214357410025523 0.6681 1524061841.8383126
2 8.320688278080322 0.99 1524061841.871624
1 10.232866321192809 0.6648333333333334 1524061842.233663
2 8.568941147195064 0.99 1524061842.3255649
1 10.168939624296387 0.6622666666666667 1524061842.6358497
2 8.723947556175196 0.99 1524061842.7905035
1 10.030809436050827 0.6615333333333333 1524061843.0360863
2 8.553049118356869 0.99 1524061843.2752697
1 9.857584032896128 0.6672333333333333 1524061843.4531739
2 8.639383347033315 0.99 1524061843.7150235
1 9.895731005623436 0.6716666666666666 1524061843.8462343
2 8.52763560512595 0.99 1524061844.1984837
1 9.923830065734364 0.6751333333333334 1524061844.2448559
1 10.1189289430509 0.6739 1524061844.635811
2 8.704347641587901 0.99 1524061844.6581852
1 10.180025134570943 0.6717 1524061845.0226395
2 8.524232895158663 0.99 1524061845.1221623
1 10.288507495612851 0.6678666666666667 1524061845.410832
2 8.716989548349742 0.99 1524061845.5829525
1 10.316301379941972 0.6634 1524061845.7996113
2 8.593683273705999 0.99 1524061846.0496805
1 10.305650745156498 0.6588333333333334 1524061846.1881015
2 8.770685227160689 0.99 1524061846.4893858
1 10.147165332263652 0.6562666666666667 1524061846.5925598
2 8.740510971733386 0.99 1524061846.9478679
1 9.9204273557671 0.6590333333333334 1524061847.0147214
2 8.977823289069947 0.99 1524061847.3894598
1 9.830225024056118 0.6658 1524061847.4112368
1 9.92672923566165 0.6689 1524061847.8014607
2 8.803537400073441 0.99 1524061847.8530128
1 10.249315295832824 0.6655666666666666 1524061848.1798427
2 8.77047160411341 0.99 1524061848.313896
1 10.275735889143759 0.6616666666666666 1524061848.5784316
2 8.663003952546049 0.99 1524061848.7727215
1 10.184061084285496 0.6588333333333334 1524061848.9803433
2 8.7307606055043 0.99 1524061849.226307
1 10.013216052228984 0.6582666666666667 1524061849.3788888
2 8.815408737986175 0.99 1524061849.6745644
1 9.875612292207052 0.6631333333333334 1524061849.7930722
2 8.593446762475093 0.99 1524061850.1719108
1 9.939477953947105 0.6656 1524061850.1988873
1 9.942300829928934 0.6681 1524061850.5860116
2 8.595872909940544 0.99 1524061850.6238222
1 10.066652331625402 0.6673333333333333 1524061850.9833808
2 8.499979049898643 0.99 1524061851.0862627
1 10.12377360858727 0.6657333333333333 1524061851.373322
2 8.730081589389748 0.99 1524061851.5437016
1 10.11178782975634 0.6642 1524061851.77823
2 8.965631516586312 0.99 1524061851.9629862
1 10.198427234214595 0.6613666666666667 1524061852.1602511
2 9.014146836500894 0.99 1524061852.4180484
1 10.00184825435625 0.6611333333333334 1524061852.5731683
2 8.972719224119034 0.99 1524061852.8812652
1 10.003839526332612 0.6608666666666667 1524061852.9739754
2 8.787248642718891 0.99 1524061853.3325973
1 9.985933337334416 0.6612666666666667 1524061853.3636723
2 8.918520005268078 0.99 1524061853.7636588
1 9.92014506816891 0.6644666666666666 1524061853.7863128
1 9.977266345130785 0.6654666666666667 1524061854.173128
2 9.092531236060951 0.99 1524061854.2008321
1 9.82728007776156 0.6728666666666666 1524061854.5843158
2 8.879617722480786 0.99 1524061854.6812255
1 10.14266398948182 0.6713666666666667 1524061854.9656754
2 8.86342814725531 0.99 1524061855.1171303
1 10.276201282211021 0.6678666666666667 1524061855.3449762
2 8.804246933766168 0.99 1524061855.5631783
1 10.458490406085721 0.6616 1524061855.729901
2 9.05043986635365 0.99 1524061856.0049667
1 10.455850635572995 0.6550333333333334 1524061856.1140165
2 8.887163193686245 0.99 1524061856.471672
1 10.204782519870962 0.6516333333333333 1524061856.5183315
