1 3 1524063060.0809433
2 3 1524063060.8243868
1 10.54712871191489 0.99 1524063061.238278
1 10.644220386900423 0.9899666666666667 1524063061.520263
1 10.684595142835006 0.9899333333333333 1524063061.8057866
1 10.672822987051353 0.9899 1524063062.0858352
2 9.536706957103135 0.99 1524063062.1065848
1 10.6664371838168 0.9898666666666667 1524063062.3648403
2 9.84073070034521 0.99 1524063062.4107172
1 10.721643482747751 0.9898333333333333 1524063062.6422203
2 9.388628038370296 0.99 1524063062.7520173
1 10.684366260998631 0.9898 1524063062.9232125
2 9.12386515945917 0.99 1524063063.093246
1 10.719080006180477 0.9897666666666667 1524063063.204047
2 9.285036119232023 0.99 1524063063.3945112
1 10.691545521265912 0.9897 1524063063.485872
2 8.926904709873547 0.99 1524063063.7490268
1 10.630174671542227 0.9896333333333334 1524063063.7707796
2 9.374795946059367 0.99 1524063064.0370755
1 10.683069263925901 0.9895666666666667 1524063064.059726
1 10.696535145298649 0.9894666666666667 1524063064.3286686
2 9.353242906468438 0.99 1524063064.3775725
1 10.713937794256845 0.9893666666666666 1524063064.605684
2 9.006631882873606 0.99 1524063064.7264135
1 10.663950001194978 0.9892666666666666 1524063064.8952222
2 9.473688158157637 0.99 1524063065.0151632
1 10.617059742318581 0.9891333333333333 1524063065.1768725
2 8.83271983420983 0.99 1524063065.3896422
1 10.610826526974932 0.989 1524063065.4594114
2 9.044923814097274 0.99 1524063065.711121
1 10.488786731825746 0.9888666666666667 1524063065.7548842
2 9.332658799984792 0.99 1524063066.0194314
1 10.533075367162144 0.9887 1524063066.0502243
1 10.583528553291274 0.9885 1524063066.3132706
2 8.90674784948444 0.99 1524063066.3657115
1 10.54137614842761 0.9883 1524063066.6011543
2 9.05954173404638 0.99 1524063066.7134085
1 10.537271534162153 0.9880666666666666 1524063066.8889096
2 9.227273973128336 0.99 1524063067.0054982
1 10.534601246071242 0.9878333333333333 1524063067.1718283
2 9.371912034921184 0.99 1524063067.2949035
1 10.466554676120277 0.9875666666666667 1524063067.4588857
2 9.827188525027012 0.99 1524063067.584709
1 10.41959575269296 0.9873 1524063067.7495322
2 10.184083972469125 0.99 1524063067.892148
1 10.518327747505776 0.987 1524063068.0340617
2 9.584077867835902 0.99 1524063068.2569766
1 10.533884082983963 0.9866666666666667 1524063068.3128915
2 9.684953722515997 0.99 1524063068.5324786
1 10.584901844309469 0.9863 1524063068.5934615
2 9.393075975390293 0.99 1524063068.864795
1 10.730646168311406 0.9858666666666667 1524063068.8860118
1 10.818391834978744 0.9853666666666666 1524063069.1431992
2 9.357049974346634 0.99 1524063069.1766074
1 10.856569325284228 0.9847666666666667 1524063069.4184651
2 9.930627856274372 0.99 1524063069.466399
1 10.87054637609152 0.9840666666666666 1524063069.6985483
2 9.782892260296066 0.99 1524063069.7598
1 10.738222157095043 0.9833 1524063069.985783
2 9.482416185517648 0.99 1524063070.1261482
1 10.63598827018587 0.9825 1524063070.2671387
2 9.312837632955688 0.99 1524063070.4645476
1 10.635370289227684 0.9816333333333334 1524063070.5460103
2 8.938570054133553 0.99 1524063070.8117933
1 10.601419483500392 0.9807 1524063070.8353646
1 10.601503406840385 0.9796666666666667 1524063071.1164207
2 8.619440109691471 0.99 1524063071.1527119
1 10.67927745483682 0.9785666666666667 1524063071.392661
2 8.892900498384423 0.99 1524063071.4754326
1 10.580583606996727 0.9774 1524063071.6849384
2 9.129404099899167 0.99 1524063071.7772968
1 10.533868824194881 0.9761666666666666 1524063071.966651
2 9.346582445030258 0.99 1524063072.0920527
1 10.627000843411317 0.9748333333333333 1524063072.2440777
2 9.558107408803165 0.99 1524063072.408004
1 10.568262134805806 0.9734 1524063072.5272882
2 9.483972582004913 0.99 1524063072.7432022
1 10.623056446431313 0.9718666666666667 1524063072.8108351
2 9.345392259481168 0.99 1524063073.0617814
1 10.670427357164083 0.9702 1524063073.0911915
1 10.633325611489498 0.9684333333333334 1524063073.3767288
2 9.357118638897541 0.99 1524063073.4049075
1 10.540666614734874 0.9666 1524063073.6654403
2 9.444307359763071 0.99 1524063073.6851954
1 10.478685413447558 0.9646666666666667 1524063073.954114
2 9.409448656084852 0.99 1524063074.021531
1 10.46692088705846 0.9626666666666667 1524063074.2405226
2 9.479089769495825 0.99 1524063074.3301291
1 10.300684009307416 0.9606333333333333 1524063074.541047
2 9.481523546355817 0.99 1524063074.6416416
1 10.350282703247455 0.9585666666666667 1524063074.8229506
2 9.576959642724994 0.99 1524063074.9297917
1 10.412599597894772 0.9564 1524063075.105965
2 9.584779772134084 0.99 1524063075.2688875
1 10.326959644121976 0.9542 1524063075.4015908
2 9.77584269973606 0.99 1524063075.5562649
1 10.43670848465843 0.9519 1524063075.6880205
2 9.633844408455955 0.99 1524063075.886668
1 10.423128162367512 0.9495333333333333 1524063075.9769204
2 9.496332201168569 0.99 1524063076.1948159
1 10.348497424923812 0.9471 1524063076.267418
2 9.98436168205805 0.99 1524063076.4700885
1 10.442369495411159 0.9445666666666667 1524063076.5501604
2 9.926858935368912 0.99 1524063076.7642925
1 10.321336780341968 0.942 1524063076.84908
2 9.868577990436139 0.99 1524063077.1005065
1 10.20508769565278 0.9394333333333333 1524063077.1534252
2 9.875505480683419 0.99 1524063077.4109023
1 10.216547046260066 0.9368333333333333 1524063077.441781
2 9.546457323332236 0.99 1524063077.7341344
1 10.077478442485406 0.9342333333333334 1524063077.7589984
1 10.21783641393825 0.9315666666666667 1524063078.025817
2 9.511301073266763 0.99 1524063078.0493531
1 10.384721790225665 0.9288 1524063078.3059433
2 9.57003215247771 0.99 1524063078.3599312
1 10.333063159758348 0.926 1524063078.6028352
2 9.559366258903156 0.99 1524063078.6637444
1 10.427858386985697 0.9230666666666667 1524063078.890085
2 9.400758775697573 0.99 1524063079.0050058
1 10.304414783240144 0.9201 1524063079.189382
2 9.174791368050109 0.99 1524063079.3349926
1 10.196931872883692 0.9171333333333334 1524063079.4868917
2 9.240175279304719 0.99 1524063079.6599674
1 10.203302417329152 0.9141333333333334 1524063079.7778597
2 9.222192796361057 0.99 1524063079.9653904
1 10.077562365825413 0.9111333333333334 1524063080.079719
2 9.081041367875489 0.99 1524063080.3258152
1 10.097482714983608 0.9081333333333333 1524063080.3794315
2 8.97351268115176 0.99 1524063080.6741579
1 10.064806018145399 0.9051333333333333 1524063080.697542
2 9.125154527137353 0.99 1524063080.9799187
1 10.020990405270814 0.9021333333333333 1524063081.00258
1 10.050279650930841 0.8991 1524063081.2791197
2 8.815530808298911 0.99 1524063081.3318202
1 10.077676806743595 0.8960666666666667 1524063081.5662615
2 9.150011094566452 0.99 1524063081.6361396
1 10.094713244763609 0.893 1524063081.8645844
2 9.288682969824753 0.99 1524063081.9624388
1 10.11108592545816 0.8899333333333334 1524063082.1619327
2 9.114854844500972 0.99 1524063082.2856276
1 10.106210742343618 0.8868666666666667 1524063082.461464
2 9.432771715210325 0.99 1524063082.5995994
1 10.069009814539942 0.8837666666666667 1524063082.7622347
2 9.53193095611768 0.99 1524063082.8993602
1 9.997789416458067 0.8807 1524063083.0660305
2 9.621591600815936 0.99 1524063083.2088146
1 9.995096240183516 0.8776333333333334 1524063083.3614347
2 9.513750108915856 0.99 1524063083.5464616
1 9.989564929138066 0.8745666666666667 1524063083.6651175
2 9.743928942352403 0.99 1524063083.8295481
1 9.912134203896173 0.8716 1524063083.9707036
2 9.200624497981044 0.99 1524063084.2013104
1 9.949121508652569 0.8686333333333334 1524063084.27291
2 9.118593247828253 0.99 1524063084.5270731
1 9.890993151610703 0.8657666666666667 1524063084.5814645
2 9.182710679588308 0.99 1524063084.8522897
1 9.911790881141634 0.8629333333333333 1524063084.8735166
2 8.93049052530991 0.99 1524063085.1759655
1 9.96091655261986 0.8601 1524063085.1973627
2 9.332765611508432 0.99 1524063085.4866254
1 9.79156688189426 0.8575333333333334 1524063085.5067508
1 9.84354594693249 0.8550333333333333 1524063085.794946
2 9.253664048861083 0.99 1524063085.8241436
1 9.825578722777928 0.8526666666666667 1524063086.0968623
2 9.526987108452229 0.99 1524063086.1248844
1 9.797258410225176 0.8504666666666667 1524063086.3987236
2 9.386507066686653 0.99 1524063086.4545877
1 9.921815905574363 0.8482333333333333 1524063086.7045329
2 9.460748705008534 0.99 1524063086.7553318
1 9.82077220421429 0.8462 1524063087.018094
2 9.772195849143333 0.99 1524063087.0544097
1 9.739755663536034 0.8444 1524063087.327184
2 9.238901170415625 0.99 1524063087.4123724
1 9.772531542503335 0.8427333333333333 1524063087.6285841
2 9.603052172070472 0.99 1524063087.702552
1 9.826295885865193 0.8411333333333333 1524063087.9301608
2 9.218561204557426 0.99 1524063088.0593162
1 9.826753649537926 0.8396333333333333 1524063088.2379894
2 9.212198289506505 0.99 1524063088.3523161
1 9.718515429121467 0.8384 1524063088.5605304
2 9.695077929077819 0.99 1524063088.6490226
1 9.635576281017764 0.8375 1524063088.873864
2 9.23283580175198 0.99 1524063089.0032518
1 9.533113512272232 0.8370333333333333 1524063089.1862783
2 9.53572276520678 0.99 1524063089.3155363
1 9.549356493259518 0.8368666666666666 1524063089.4961574
2 9.384637865023022 0.99 1524063089.6330025
1 9.709306749905098 0.8367 1524063089.7976866
2 9.171510728395566 0.99 1524063089.9568307
1 9.780260119177894 0.8365333333333334 1524063090.0995595
2 9.605417284379556 0.99 1524063090.2507296
1 9.822679552850646 0.8364 1524063090.4092855
2 9.36740306274482 0.99 1524063090.5965247
1 9.689554247426905 0.8364666666666667 1524063090.7326813
2 9.440431627333972 0.99 1524063090.9039252
1 9.624559435294122 0.8367333333333333 1524063091.04792
2 9.240625413582892 0.99 1524063091.2563963
1 9.711664232819656 0.837 1524063091.3380084
2 8.85249522487166 0.99 1524063091.615072
1 9.69700053650328 0.8373333333333334 1524063091.645108
2 9.065004380540929 0.99 1524063091.9192784
1 9.855188403008857 0.8375333333333334 1524063091.9490893
2 9.073717149111848 0.99 1524063092.2268891
1 9.905771288845271 0.8377 1524063092.2564971
1 9.663621935366885 0.8381666666666666 1524063092.5834692
2 9.054384263333645 0.99 1524063092.6105912
1 9.676988634610527 0.8386666666666667 1524063092.8855684
2 9.231935533195616 0.99 1524063092.908381
1 9.571329149550449 0.8393333333333334 1524063093.2028818
2 9.219797166473787 0.99 1524063093.2230144
1 9.538789781814057 0.8401 1524063093.513353
2 9.12139323562644 0.99 1524063093.540705
1 9.62835887377776 0.8408 1524063093.8249605
2 9.562540087034074 0.99 1524063093.8457239
1 9.598466905948651 0.8415333333333334 1524063094.135645
2 9.37872508425029 0.99 1524063094.1876016
1 9.629549059326857 0.8422333333333333 1524063094.4515557
2 9.231973680168348 0.99 1524063094.5215385
1 9.626237902094118 0.8429333333333333 1524063094.760035
2 9.112642320082793 0.99 1524063094.857169
1 9.645540270294147 0.8436 1524063095.0669115
2 8.923402817777186 0.99 1524063095.180242
1 9.742242846157852 0.8441 1524063095.3666222
2 9.19513133390831 0.99 1524063095.4934113
1 9.85820201385431 0.8444 1524063095.6678872
2 9.079713853224575 0.99 1524063095.8434703
1 9.938905749356206 0.8445666666666667 1524063095.9700155
2 9.195673020921042 0.99 1524063096.1627004
1 10.044488940470828 0.8446333333333333 1524063096.261968
2 9.37024882691027 0.99 1524063096.4607656
1 9.747125658666958 0.8450666666666666 1524063096.5988283
2 9.152887376310101 0.99 1524063096.8012984
1 9.747636828101504 0.8455 1524063096.8973277
2 9.42218211558123 0.99 1524063097.116451
1 9.696695360721455 0.8459666666666666 1524063097.2057133
2 9.501359972174026 0.99 1524063097.4279466
1 9.599115404485014 0.8465666666666667 1524063097.5139804
2 9.492486986317646 0.99 1524063097.7269213
1 9.887277636467074 0.8467 1524063097.8124177
2 9.537065538646779 0.99 1524063098.0601225
1 9.913843188274369 0.8467666666666667 1524063098.109391
2 9.647806200474148 0.99 1524063098.3598323
1 10.00439647213444 0.8467 1524063098.404551
1 9.897859606701617 0.8468 1524063098.7266335
2 9.135133775202803 0.99 1524063098.7488809
1 9.884996447497969 0.8469 1524063099.0264735
2 9.10885051099369 0.99 1524063099.0481136
1 9.766908678723338 0.8471666666666666 1524063099.3393188
2 9.201684983822867 0.99 1524063099.3681383
1 9.648172411412324 0.8476333333333333 1524063099.6489983
2 9.169183763059204 0.99 1524063099.6684446
1 9.74650767770877 0.8479 1524063099.9584224
2 9.71613505802329 0.99 1524063099.9785154
1 9.731637987739667 0.8481666666666666 1524063100.2580028
2 9.725153002376025 0.99 1524063100.2806625
1 9.712221178621474 0.8484666666666667 1524063100.5733147
2 9.523363146043124 0.99 1524063100.6256356
1 9.650262865517774 0.8488666666666667 1524063100.8936074
2 9.65632060478688 0.99 1524063100.9158154
1 9.515405687532219 0.8495666666666667 1524063101.2226784
2 9.387918504677563 0.99 1524063101.2520454
1 9.505502733412204 0.8503666666666667 1524063101.5204043
2 9.45980266008489 0.99 1524063101.5451353
1 9.593240770685004 0.8510333333333333 1524063101.8238251
2 9.88548472874888 0.99 1524063101.8430681
1 9.713174852939657 0.8515 1524063102.1285548
2 9.781580004434248 0.99 1524063102.1488845
1 9.835870776019755 0.8517 1524063102.4402292
2 9.685373339215987 0.99 1524063102.4933174
1 9.82984355432884 0.8519333333333333 1524063102.7414072
2 9.238573106450167 0.99 1524063102.8442845
1 9.792512926817894 0.8522666666666666 1524063103.0479286
2 9.295206102161119 0.99 1524063103.1283362
1 9.86709025849978 0.8524333333333334 1524063103.3430715
2 9.384996446566658 0.99 1524063103.4157028
1 9.894701037359797 0.8525666666666667 1524063103.6504304
2 9.21531108248106 0.99 1524063103.7941024
1 9.990816149843523 0.8525 1524063103.9466639
2 9.464471849546724 0.99 1524063104.1133745
1 9.99455455317079 0.8524 1524063104.250538
2 9.264558824272012 0.99 1524063104.4244008
1 9.943361315770744 0.8524333333333334 1524063104.5499794
2 9.0747318585864 0.99 1524063104.7385395
1 9.98745921624351 0.8523666666666667 1524063104.8503077
2 9.508935960957665 0.99 1524063105.055154
1 9.86038402069432 0.8525666666666667 1524063105.1609576
2 9.667520555979618 0.99 1524063105.3549666
1 9.791688952206984 0.8529666666666667 1524063105.4765368
2 9.884630236559799 0.99 1524063105.6429152
1 9.709085497463287 0.8536 1524063105.7900457
2 9.779993090368798 0.99 1524063105.9655485
1 9.746706041966952 0.8542333333333333 1524063106.0811532
2 9.559930834099518 0.99 1524063106.3113427
1 9.745813402805139 0.8549333333333333 1524063106.3908703
2 9.165773423697384 0.99 1524063106.6626935
1 9.720880541430567 0.8557666666666667 1524063106.7097197
2 9.08900645578096 0.99 1524063106.959374
1 9.817026171492467 0.8564333333333334 1524063107.0087037
2 9.366182359617545 0.99 1524063107.2497463
1 9.865762743848874 0.8570333333333333 1524063107.302389
2 9.623498949452307 0.99 1524063107.558335
1 9.797861132394273 0.8578333333333333 1524063107.6151536
2 9.780817064979704 0.99 1524063107.889468
1 9.911829028114365 0.8584 1524063107.9199975
2 9.559305223746803 0.99 1524063108.2138958
1 9.877290759007055 0.8590666666666666 1524063108.2363343
2 9.470033678170358 0.99 1524063108.5148876
1 9.740152392052396 0.8601666666666666 1524063108.5380204
1 9.857400927427038 0.8610333333333333 1524063108.8368173
2 9.344491990924803 0.99 1524063108.8737001
2 9.608682665245022 0.99 1524063109.14005
1 9.845048937657946 0.862 1524063109.1644912
2 9.877939257543428 0.99 1524063109.4284878
1 9.797639879952445 0.8631333333333333 1524063109.4490652
1 9.887445483147063 0.8641 1524063109.743401
2 9.508798631855846 0.99 1524063109.7755153
1 9.874704394256154 0.8651333333333333 1524063110.049711
2 9.8676472043016 0.99 1524063110.0724003
1 9.977472338783512 0.8659333333333333 1524063110.3435478
2 9.55211070469042 0.99 1524063110.3962455
1 10.039140734894469 0.8666666666666667 1524063110.6457896
2 9.525903734426771 0.99 1524063110.6904814
1 9.967874560445312 0.8675 1524063110.9480824
2 10.014444384750808 0.99 1524063110.9738936
1 9.959924731328945 0.8683666666666666 1524063111.2555864
2 9.684061083354166 0.99 1524063111.297013
1 9.916109118454365 0.8693333333333333 1524063111.5546181
2 9.856866869808862 0.99 1524063111.6136947
1 9.908121142365262 0.8703666666666666 1524063111.8558555
2 9.352144273653892 0.99 1524063111.9726236
1 9.872095141321598 0.8715333333333334 1524063112.16664
2 9.293092759872033 0.99 1524063112.2670631
1 9.902727160421621 0.8726333333333334 1524063112.4641078
2 9.490335497055826 0.99 1524063112.5603795
1 9.85734752166522 0.8739 1524063112.7687132
2 9.442033800188522 0.99 1524063112.8824258
1 9.859773669130687 0.8752333333333333 1524063113.0724876
2 9.964944872939853 0.99 1524063113.176003
1 10.034769091819916 0.8762 1524063113.3610177
2 9.529466661679505 0.99 1524063113.5255897
1 9.969087634178043 0.8773 1524063113.6727443
2 9.438348802623064 0.99 1524063113.836089
1 10.078065905865401 0.8782333333333333 1524063113.9612322
2 9.33016398796843 0.99 1524063114.1688266
1 10.077661547954502 0.8791666666666667 1524063114.262817
2 9.199121507255596 0.99 1524063114.4796658
1 9.930597338696193 0.8803666666666666 1524063114.566783
1 6 frame freq 1524063114.5682726
2 9.70246318299783 0.99 1524063114.760952
2 6 frame freq 1524063114.762447
1 12.46100048061647 0.8803666666666666 1524063114.9255974
2 11.70911601876675 0.99 1524063115.1946023
1 16.937183471279578 0.8693 1524063115.2860503
2 14.174692195234245 0.9877 1524063115.6091228
1 17.0986367186506 0.8405666666666667 1524063115.6317804
1 16.974857421545057 0.7922333333333333 1524063115.982207
2 14.248529475645224 0.9816 1524063116.0352979
1 16.704837889792103 0.7228 1524063116.343076
2 14.322420161818012 0.9706 1524063116.4452012
1 16.03191003209336 0.6343666666666666 1524063116.7319636
2 14.88426403493484 0.9505333333333333 1524063116.8432736
1 14.773607296447475 0.5367 1524063117.156662
2 15.229593320246025 0.9173666666666667 1524063117.2350001
2 14.860055966042086 0.8713333333333333 1524063117.6498666
1 12.8575230033277 0.44576666666666664 1524063117.6705387
2 14.779398006907472 0.8092 1524063118.0446699
1 10.895715748696993 0.37303333333333333 1524063118.2574184
2 14.3477268635253 0.7305333333333334 1524063118.4869766
2 12.858636894931347 0.6486333333333333 1524063118.9777925
1 8.979204209482681 0.36336666666666667 1524063119.0015674
2 12.396432914578238 0.5590333333333334 1524063119.4529355
1 7.835236563971708 0.44106666666666666 1524063119.7878938
2 12.339342155194556 0.4575 1524063119.9513943
1 8.60172465555691 0.49993333333333334 1524063120.4061627
2 10.810335194338744 0.3638 1524063120.5666869
1 10.482469593142108 0.4819333333333333 1524063120.932244
2 8.668664963298783 0.34353333333333336 1524063121.3373942
1 10.895639454751537 0.4560666666666667 1524063121.4993157
1 10.311227832569235 0.43956666666666666 1524063122.0970306
2 7.642449393202457 0.4154 1524063122.1345665
1 9.90829661843981 0.4331 1524063122.7169688
2 8.298723251183937 0.48536666666666667 1524063122.7830877
1 9.529184374081312 0.4474 1524063123.3571422
2 9.698328051154178 0.49343333333333333 1524063123.3785179
2 10.707719837702287 0.4760666666666667 1524063123.9065614
1 9.597314867372287 0.4597 1524063123.9605772
2 10.649232899116788 0.4590666666666667 1524063124.5000174
1 9.917406115527095 0.4562 1524063124.5754268
2 9.579591783843176 0.4729333333333333 1524063125.1586788
1 9.807474169521553 0.4588 1524063125.191287
1 9.956384692259846 0.45403333333333334 1524063125.7809122
2 9.241846116710166 0.5048666666666667 1524063125.8021939
1 10.125383410836353 0.4449 1524063126.378073
2 9.74033549752149 0.5138 1524063126.4001224
2 10.384264026552927 0.5042 1524063126.956298
1 9.807054552821553 0.4481 1524063126.99946
2 10.833314930709669 0.48706666666666665 1524063127.5024652
1 9.751604113265136 0.4548 1524063127.6084468
2 10.85247234041332 0.4691 1524063128.0595398
1 10.083200488394505 0.44756666666666667 1524063128.1859753
2 9.973466906647134 0.4659333333333333 1524063128.698692
1 10.106081042636344 0.4398666666666667 1524063128.7892425
2 9.86459544648341 0.46813333333333335 1524063129.2745292
1 9.866380724807051 0.441 1524063129.4081476
2 10.130235705767275 0.4618 1524063129.885175
1 9.695154223023277 0.4516 1524063130.0280983
2 9.58933452067773 0.47786666666666666 1524063130.5314977
1 9.673502001303254 0.4642 1524063130.6416247
2 9.682298693214172 0.4900333333333333 1524063131.1211643
1 10.011003527810809 0.4602 1524063131.2225187
2 10.298608813991043 0.4822 1524063131.6978197
1 10.236711536043716 0.4522333333333333 1524063131.815858
2 10.24609569133463 0.4751 1524063132.2919452
1 10.013757739241711 0.4479666666666667 1524063132.4207613
2 9.926042590152555 0.4755 1524063132.900327
1 9.995393786570798 0.4442 1524063133.0160427
2 10.171831164829126 0.4696 1524063133.4734159
1 9.916658434861638 0.4446 1524063133.639927
2 10.295877490743775 0.4616 1524063134.0704708
1 9.700708422252369 0.45666666666666667 1524063134.2520912
2 9.909708056430729 0.4627 1524063134.6848633
1 10.031785998552639 0.4531 1524063134.838003
2 9.866617236037966 0.4660666666666667 1524063135.2827392
1 9.956636462279848 0.45236666666666664 1524063135.46542
2 9.818338427354284 0.472 1524063135.9044957
1 9.797822985421545 0.46013333333333334 1524063136.052021
2 9.825380358519748 0.47783333333333333 1524063136.5047987
1 10.119546924009072 0.4556 1524063136.6465306
2 10.321680103096524 0.4701 1524063137.0692873
1 10.164705310323654 0.45016666666666666 1524063137.2384021
2 10.374452625167477 0.46136666666666665 1524063137.6584752
1 9.910989794714363 0.4522333333333333 1524063137.854014
2 9.827936205692476 0.46703333333333336 1524063138.3095272
1 9.742960009245133 0.4634 1524063138.4724314
2 9.588563951828645 0.48473333333333335 1524063138.9153097
1 10.228662524798255 0.4576 1524063139.0366766
2 10.010438952614443 0.4826 1524063139.4892373
1 10.429285083765697 0.4481 1524063139.6158168
2 10.536706958965793 0.47186666666666666 1524063140.053459
1 9.970575366114415 0.4473666666666667 1524063140.2383149
2 9.932428393387099 0.473 1524063140.6960177
1 9.628603014403213 0.46486666666666665 1524063140.8686619
2 9.834665331681567 0.479 1524063141.2806115
1 9.561357530879524 0.48693333333333333 1524063141.4862628
2 10.131570849812729 0.47496666666666665 1524063141.8819659
1 10.139734301976368 0.4843 1524063142.0433388
2 10.07181743173267 0.4718333333333333 1524063142.4624028
1 10.582254444402192 0.47373333333333334 1524063142.6194985
2 10.376482044116567 0.4637 1524063143.037892
1 10.436273609169335 0.4653 1524063143.1945534
2 9.531175646057683 0.4847666666666667 1524063143.7208757
1 10.517122303167588 0.4551 1524063143.7598097
2 9.464769395933986 0.5097333333333334 1524063144.3039484
1 10.518899952096682 0.4444666666666667 1524063144.3342702
2 10.215601001336424 0.5053333333333333 1524063144.8969915
1 9.967363391010776 0.44433333333333336 1524063144.9655678
2 9.982713732836244 0.5052666666666666 1524063145.506316
1 9.724435839288752 0.4572333333333333 1524063145.5770915
2 10.365167652005645 0.4983666666666667 1524063146.0533674
1 10.01323894041263 0.4559 1524063146.164238
2 10.684450184338635 0.48606666666666665 1524063146.63109
1 10.10743907486543 0.4529 1524063146.7608345
2 10.280450854972841 0.4801666666666667 1524063147.220826
1 10.016855273427181 0.45143333333333335 1524063147.3605685
2 10.006998095674446 0.4786666666666667 1524063147.8314745
1 9.96002391345803 0.45236666666666664 1524063147.961403
2 9.739763292930586 0.4902 1524063148.4525418
1 9.96858409413804 0.45293333333333335 1524063148.5633078
2 9.880723986552512 0.4950333333333333 1524063149.043043
1 9.799623522534262 0.4626 1524063149.1855032
2 10.037332568387194 0.49346666666666666 1524063149.6486914
1 10.023744616701727 0.46166666666666667 1524063149.7639844
2 10.531679187960327 0.4837666666666667 1524063150.1839275
1 10.328699146078336 0.4553 1524063150.3477597
2 10.904405629084273 0.4677 1524063150.749216
1 10.181650195609128 0.4513 1524063150.950005
2 10.12903026142909 0.4641 1524063151.386566
1 9.753595385241503 0.4635 1524063151.57852
2 9.544565233484963 0.4852666666666667 1524063152.0098665
1 9.843034777497945 0.47153333333333336 1524063152.1595595
2 9.742570910123305 0.4971 1524063152.5991337
1 10.340868030378358 0.46553333333333335 1524063152.7455862
2 10.571168934127632 0.48696666666666666 1524063153.1424284
1 10.429422412867511 0.4577 1524063153.3182318
2 10.716753040844118 0.4742 1524063153.718174
1 10.109338794107252 0.4552 1524063153.9249423
2 10.384866748722025 0.4666666666666667 1524063154.2983656
1 9.846338305336126 0.46276666666666666 1524063154.528532
2 10.361749683249275 0.4594 1524063154.8791196
1 9.988931689390794 0.4631 1524063155.12534
2 10.014200244125352 0.45776666666666666 1524063155.4942422
1 10.287675891607401 0.45776666666666666 1524063155.6942883
2 9.815660509868831 0.4655666666666667 1524063156.1038275
1 10.475297962269376 0.4489 1524063156.2732732
2 9.906877551054356 0.469 1524063156.7079303
1 10.144777331770918 0.4455 1524063156.8877778
2 9.467355760684907 0.4946 1524063157.3667402
1 10.051195178276297 0.4436333333333333 1524063157.4651504
2 9.841318163725216 0.5020666666666667 1524063157.925821
1 10.032960925312647 0.44206666666666666 1524063158.0800066
2 10.936609303460664 0.4861333333333333 1524063158.466702
1 9.599046739934105 0.46253333333333335 1524063158.7148726
2 10.23350719033462 0.48163333333333336 1524063159.0967104
1 9.764558825203327 0.47513333333333335 1524063159.3026094
2 10.0173969604399 0.4806666666666667 1524063159.6647418
1 10.378816638847479 0.469 1524063159.873553
2 10.430154834743874 0.4728 1524063160.2468936
1 10.610300098751306 0.4584666666666667 1524063160.434193
2 9.992914233343516 0.4723 1524063160.8628721
1 10.472215686873001 0.4499 1524063161.027231
2 9.527872118219499 0.49523333333333336 1524063161.5079975
1 9.881662402081615 0.4557 1524063161.6579325
2 9.838747057763388 0.5030333333333333 1524063162.0834825
1 9.621851000230487 0.47573333333333334 1524063162.265134
2 10.54062846776215 0.49383333333333335 1524063162.6479943
1 10.231866870507357 0.4723 1524063162.8299122
2 10.345277820425622 0.48773333333333335 1524063163.2426999
1 10.70567515996411 0.4602333333333333 1524063163.394731
2 10.242120776776446 0.48323333333333335 1524063163.8175125
1 10.32122233942379 0.4544666666666667 1524063163.9830039
2 9.830369982552478 0.4912666666666667 1524063164.4639032
1 10.007616076632615 0.4540666666666667 1524063164.5961218
2 9.570398363415901 0.5126333333333334 1524063165.0717254
1 9.967905078023495 0.4555 1524063165.197803
2 10.257753406200095 0.5084333333333333 1524063165.63191
1 9.95836070544713 0.45753333333333335 1524063165.797708
2 10.489412342178479 0.5002333333333333 1524063166.2170546
1 10.019701037592625 0.4570666666666667 1524063166.3889651
2 10.242647205000095 0.4960333333333333 1524063166.8054788
1 10.042024646032644 0.4562 1524063166.984412
2 10.21932414587461 0.4921333333333333 1524063167.388838
1 9.977724108803507 0.4572333333333333 1524063167.5963907
2 10.502946888102118 0.4834 1524063167.952707
2 10.473932300645735 0.47513333333333335 1524063168.0107405
2 4 frame freq 1524063168.012406
1 10.092866931283597 0.4554666666666667 1524063168.1780412
1 4 frame freq 1524063168.1795332
2 10.477891956414831 0.47513333333333335 1524063168.5336144
1 7.108025564082017 0.4554666666666667 1524063168.765529
2 7.44542027906593 0.5026 1524063169.120516
1 6.873791707444547 0.5130666666666667 1524063169.3783445
2 7.256325735256686 0.5842666666666667 1524063169.662343
1 7.109017385372926 0.632 1524063169.8619998
2 7.554013266328745 0.7067 1524063170.122623
1 7.964234366946357 0.7554 1524063170.2694685
2 8.573762924547806 0.8134333333333333 1524063170.5180655
1 9.60128215253592 0.8159333333333333 1524063170.629329
2 9.539499315506786 0.8875333333333333 1524063170.921796
1 10.95934489920613 0.8451 1524063170.9593291
1 11.959741629585151 0.8568333333333333 1524063171.2750614
2 10.266389880825566 0.9400666666666667 1524063171.2965546
1 12.37619213084912 0.8583 1524063171.5985777
2 10.627641712553134 0.9868 1524063171.6485803
1 12.530435600374712 0.8531666666666666 1524063171.9166753
2 10.929575001689747 0.99 1524063172.0169384
1 12.411272086969149 0.8458 1524063172.2399137
2 11.4768391018302 0.99 1524063172.3371735
1 12.549058952460182 0.8327 1524063172.5546448
2 11.880228079632346 0.99 1524063172.6614668
1 12.400568046421874 0.8184 1524063172.8835807
2 11.994432486583355 0.99 1524063173.0251207
1 12.41513256060916 0.8008 1524063173.2069154
2 11.742433584746783 0.99 1524063173.3598015
1 12.147279776907116 0.7846 1524063173.5408936
2 11.714067495826765 0.99 1524063173.681472
1 12.179994620718057 0.7656 1524063173.866805
2 11.968477286339702 0.99 1524063174.02041
1 12.004243887968812 0.7471666666666666 1524063174.2067192
2 11.52562145055387 0.99 1524063174.4018977
1 11.90322307479237 0.7284 1524063174.5506184
2 11.687540090992194 0.99 1524063174.710496
1 11.59952739551575 0.7127333333333333 1524063174.9025903
2 11.375642812579207 0.99 1524063175.0750651
1 11.374147451248302 0.6992666666666667 1524063175.2599466
2 11.857561148437783 0.9883666666666666 1524063175.4125137
1 11.043954884715301 0.6899 1524063175.6354363
2 11.306795156200966 0.99 1524063175.7719908
1 10.89229777994062 0.6820666666666667 1524063176.003896
2 11.462602651608377 0.99 1524063176.1240802
1 10.741556202511415 0.6759 1524063176.381777
2 11.630098379459413 0.9859666666666667 1524063176.4488065
1 10.658891712611348 0.6704333333333333 1524063176.76083
2 11.549394643957534 0.9811333333333333 1524063176.8105032
1 10.57425883891855 0.6658 1524063177.138064
2 11.030435597580746 0.9820666666666666 1524063177.2097297
2 11.028383290448014 0.9820333333333333 1524063177.5336952
1 10.375299487962016 0.6638333333333334 1524063177.5559716
2 11.202455556397245 0.9783666666666667 1524063177.8853173
1 10.396921192103846 0.6612333333333333 1524063177.9265406
2 12.03061107551793 0.9613333333333334 1524063178.2095025
1 10.345438037711084 0.6591333333333333 1524063178.2984173
2 11.523180044299327 0.9496333333333333 1524063178.5742319
1 10.433870349887526 0.6553333333333333 1524063178.686558
2 11.363420522517373 0.9387333333333333 1524063178.9365118
1 10.419931446052967 0.6514 1524063179.0676277
2 10.873193775998791 0.9337333333333333 1524063179.3121037
1 10.310083423387411 0.6488666666666667 1524063179.46316
2 10.889787709135174 0.9276666666666666 1524063179.6815112
1 10.262605701131019 0.6468333333333334 1524063179.8550456
2 10.86396220859878 0.9211333333333334 1524063180.04109
1 10.213960681509157 0.6453666666666666 1524063180.2417486
2 10.893327748204264 0.9133333333333333 1524063180.413107
1 10.246301684987367 0.6432 1524063180.6323721
2 10.901704823415184 0.9045666666666666 1524063180.7778451
1 10.23569682656918 0.6409666666666667 1524063181.0319033
2 10.883653675920616 0.8952333333333333 1524063181.1477714
1 10.126176867869079 0.6403 1524063181.428974
2 11.080637013689868 0.8822 1524063181.4959269
1 10.25769237104374 0.6374333333333333 1524063181.8022609
2 11.061189686993488 0.8684333333333333 1524063181.8651206
1 10.280885730461945 0.6339666666666667 1524063182.192792
2 11.060617482402579 0.8537 1524063182.22816
2 11.02432445254982 0.8385333333333334 1524063182.5851266
1 10.205987964209154 0.6314666666666666 1524063182.6080868
2 11.002023732293438 0.8227333333333333 1524063182.9555485
1 10.013261828596269 0.6319 1524063183.0054874
2 10.896669423015174 0.8075333333333333 1524063183.3293712
1 9.86194041718159 0.6392 1524063183.41156
2 10.823602711453303 0.7926 1524063183.6929798
1 9.895273241950713 0.6452666666666667 1524063183.8182626
2 10.877809559698793 0.7761 1524063184.0570633
1 9.962770495494404 0.6483333333333333 1524063184.2096183
2 10.670930897204075 0.7618 1524063184.4595754
1 10.12957957783636 0.6476 1524063184.5988617
2 10.555986438982163 0.7485666666666667 1524063184.8302484
1 10.071191821379943 0.6477 1524063185.0070186
2 10.213808093618251 0.7399 1524063185.2299197
1 9.875474963105242 0.6549333333333334 1524063185.4205835
2 10.15765574976366 0.7318666666666667 1524063185.635498
1 9.851221117845215 0.6636333333333333 1524063185.8144522
2 9.944681201027118 0.7285333333333334 1524063186.0412397
1 9.984155688405325 0.6663 1524063186.2101893
2 9.8452930782834 0.7298666666666667 1524063186.4508832
1 10.130617175494542 0.6661333333333334 1524063186.6069856
2 10.021509204099901 0.7243666666666667 1524063186.8332639
1 10.230272327047354 0.6642666666666667 1524063186.985531
2 9.86255839813978 0.7254 1524063187.2531512
1 10.34429362852927 0.6603666666666667 1524063187.3712854
2 10.11978343523999 0.7188666666666667 1524063187.636329
1 10.400751148165677 0.6552666666666667 1524063187.7602556
2 9.826463732545198 0.7218333333333333 1524063188.055183
1 10.349374805296538 0.6506666666666666 1524063188.146533
2 9.704957995014196 0.7309 1524063188.4888558
1 10.205431018407335 0.6481 1524063188.5454915
2 9.425951036486689 0.7536 1524063188.9077814
1 10.251665149352826 0.6446 1524063188.9299507
2 9.529642137754038 0.7734333333333333 1524063189.3147976
1 10.210359607283696 0.6415666666666666 1524063189.3373785
2 9.887895617425247 0.7784333333333333 1524063189.7090173
1 10.220483813845519 0.6381666666666667 1524063189.7351336
2 10.11892894305089 0.7769 1524063190.0931103
1 10.121439013856348 0.6362 1524063190.11773
2 10.053224597225388 0.7762333333333333 1524063190.5063393
1 10.092615161263598 0.6345666666666666 1524063190.5274985
1 10.092515979134504 0.6328666666666667 1524063190.9092984
2 9.81885722618338 0.7845666666666666 1524063190.9308026
1 10.020387683101719 0.6322666666666666 1524063191.3137596
2 9.788339648001537 0.7948333333333333 1524063191.3404288
2 10.109178576821794 0.7945 1524063191.6935554
1 9.878519091528885 0.6378333333333334 1524063191.7247381
2 10.379053150078386 0.7899666666666667 1524063192.08081
1 9.98835948479988 0.6384 1524063192.109765
2 10.412179981194777 0.7845666666666666 1524063192.472918
1 9.987482104427148 0.6390666666666667 1524063192.5149186
2 10.162241015885481 0.7825333333333333 1524063192.8793914
1 10.19524577668914 0.636 1524063192.903278
2 10.197717700521876 0.7798 1524063193.259673
1 10.109598193521792 0.6341666666666667 1524063193.3004978
2 10.21313670689825 0.7766666666666666 1524063193.647501
1 10.206216846045514 0.6306666666666667 1524063193.6903934
2 10.303766284703778 0.7719333333333334 1524063194.0384705
1 10.08321574718359 0.6289666666666667 1524063194.0934129
2 10.170526538361848 0.7689333333333334 1524063194.439298
1 9.823999438107018 0.6371 1524063194.52406
2 10.284334216796491 0.7640333333333333 1524063194.8174272
1 9.697168383183275 0.6518333333333334 1524063194.9296787
2 10.238496814367357 0.7595333333333333 1524063195.2105072
1 9.741479906703312 0.6652 1524063195.3232665
2 10.21043590122915 0.7552333333333333 1524063195.6130798
1 10.051561389214477 0.6659 1524063195.712053
2 10.009500537085344 0.7537666666666667 1524063196.0129962
1 10.23978618204554 0.6635333333333333 1524063196.100121
2 9.818986925890647 0.7607 1524063196.43616
1 10.345399890738356 0.6592666666666667 1524063196.4859974
2 9.695428881226912 0.7738333333333334 1524063196.8528128
1 10.213068042347343 0.6568333333333334 1524063196.8860803
2 9.820390734487018 0.7821666666666667 1524063197.234919
1 10.210664783065523 0.6542666666666667 1524063197.2754145
2 9.91191295145436 0.7869 1524063197.646236
1 10.164987597921845 0.6522333333333333 1524063197.6676655
2 10.288850818367395 0.7835333333333333 1524063198.0244665
1 10.23360637246372 0.6489666666666667 1524063198.0615838
2 10.109323535318154 0.7826 1524063198.4217145
1 10.171930346958208 0.6465 1524063198.453975
2 10.17511943387821 0.7805666666666666 1524063198.8232841
1 9.99702647700352 0.6468 1524063198.8650472
2 9.869981799032503 0.7869333333333334 1524063199.2339659
1 10.006128344696261 0.6468666666666667 1524063199.2609704
2 9.92141154766346 0.7913333333333333 1524063199.632718
1 10.021097216794454 0.6466666666666666 1524063199.6589994
2 9.979715380779876 0.7933333333333333 1524063200.0255659
1 10.16655925319821 0.6441333333333333 1524063200.046381
1 10.219369922241887 0.6406 1524063200.433104
2 9.97677043448533 0.7955333333333333 1524063200.4565294
2 10.080942187609052 0.7955 1524063200.8243663
1 10.23736003458009 0.6365666666666666 1524063200.8473978
2 10.109521899576343 0.7949666666666667 1524063201.223037
1 10.110681567547259 0.6343666666666666 1524063201.245253
2 10.310602222216506 0.7913 1524063201.5999942
1 9.992685351507157 0.6342333333333333 1524063201.6360707
2 10.405740772198406 0.7859 1524063201.9745233
1 9.857172045590675 0.6407 1524063202.0415735
2 10.378870044609291 0.7805 1524063202.3689594
1 9.90699199197254 0.6451 1524063202.4443288
2 10.584199940011283 0.7716333333333333 1524063202.7348166
1 10.008180651828992 0.6451 1524063202.8336525
2 10.370264087562012 0.7654333333333333 1524063203.1394322
1 10.138681445529095 0.643 1524063203.228014
2 10.322664294992878 0.7596 1524063203.5308957
1 10.101472888330878 0.6413666666666666 1524063203.631934
2 10.136728320525455 0.7562666666666666 1524063203.9170065
1 10.065080676349027 0.6402333333333333 1524063204.024878
2 9.961084399299855 0.7566333333333334 1524063204.3380032
1 10.084299121209051 0.6387333333333334 1524063204.4160688
2 9.99784282221988 0.7554666666666666 1524063204.7381892
1 10.168008838161839 0.6358333333333334 1524063204.8144536
2 9.82001689415429 0.7624 1524063205.1385899
1 10.178895984178224 0.6326 1524063205.2026732
2 10.158372912850925 0.7593 1524063205.5171223
1 10.03692058108173 0.6315 1524063205.610797
2 10.081476245227224 0.7572 1524063205.922361
1 9.947855029158022 0.6335 1524063206.018448
2 9.894319567632524 0.7611 1524063206.3538039
1 9.83584788783612 0.6410666666666667 1524063206.4289935
2 9.95736125476167 0.7624333333333333 1524063206.7232454
1 9.897081408457986 0.6461 1524063206.8235261
2 10.000658068807155 0.7619333333333334 1524063207.1214101
1 10.062860522536297 0.6454 1524063207.211001
2 10.03315928957082 0.7609333333333334 1524063207.5495017
1 10.006456408661705 0.6455666666666666 1524063207.6254075
2 9.73344615424694 0.7725666666666666 1524063207.9569411
1 10.016275439441726 0.6455666666666666 1524063208.0313046
2 9.674165758628712 0.7877333333333333 1524063208.3637426
1 9.974626574618044 0.6470333333333333 1524063208.4123988
2 10.078561816510858 0.7878333333333334 1524063208.7385488
1 10.244958911547362 0.6434 1524063208.794484
2 10.327875171467436 0.7841 1524063209.1182184
1 10.231050525290987 0.6397666666666667 1524063209.1949596
2 10.443918262503894 0.7782666666666667 1524063209.5123174
1 10.251825366638274 0.6356 1524063209.5911717
2 10.473596607285733 0.7715666666666666 1524063209.8919895
1 10.144403491438192 0.6329666666666667 1524063209.9780054
2 10.306940112834686 0.7669333333333334 1524063210.2818744
1 10.151506457760018 0.6301 1524063210.3756247
2 10.256387744576463 0.7627666666666667 1524063210.6810925
1 9.991434130801704 0.6299666666666667 1524063210.7884612
2 10.132768664756368 0.7602 1524063211.0698078
1 9.850580248703395 0.6366666666666667 1524063211.1965299
2 9.914857897748902 0.7634333333333333 1524063211.4931724
1 9.878816637916149 0.6424 1524063211.590894
2 10.194307361160055 0.7601 1524063211.8575768
1 9.999200854448974 0.6426 1524063211.9839551
2 10.075700793556315 0.7583666666666666 1524063212.2586539
1 10.165346179465473 0.6401 1524063212.3795435
2 10.378198657889287 0.7519666666666667 1524063212.6490164
1 10.076921496683584 0.6389 1524063212.7823985
2 10.225175891490977 0.7475333333333334 1524063213.0357702
1 10.005929980438076 0.6387666666666667 1524063213.1849713
2 10.174875293252759 0.7436333333333334 1524063213.438519
1 10.01352885740536 0.6385 1524063213.574047
2 10.046960864303568 0.7415 1524063213.8422537
1 10.18837932159822 0.6354 1524063213.959814
2 9.888643298090711 0.7451333333333333 1524063214.2469852
1 10.278337512683759 0.6307 1524063214.3514013
2 9.884393725328888 0.7493 1524063214.6543353
1 10.11516002214544 0.6284 1524063214.7619052
2 9.769952807146971 0.7590666666666667 1524063215.0705705
1 9.9384861326562 0.6308333333333334 1524063215.16793
2 9.7761173579397 0.7692333333333333 1524063215.4723
1 9.768610033706969 0.6416666666666667 1524063215.579131
2 9.86499980439432 0.7760333333333334 1524063215.869301
1 9.884950671130696 0.6474666666666666 1524063215.975664
2 10.110788379070884 0.7754 1524063216.2591143
1 9.99999431148171 0.648 1524063216.3713148
2 10.155946765385478 0.7739666666666667 1524063216.6547112
1 10.151041064692743 0.6461 1524063216.7615843
2 10.510667835382133 0.767 1524063217.0110013
1 10.240663562418273 0.6426 1524063217.1455636
2 10.403886829323865 0.7611666666666667 1524063217.412765
1 10.246820483816457 0.6388 1524063217.5403097
2 10.384065662294756 0.7552333333333333 1524063217.8112566
1 10.162195239518201 0.6361666666666667 1524063217.943827
2 9.923624072081642 0.7582666666666666 1524063218.2212288
1 10.060167346261755 0.6350333333333333 1524063218.3401737
2 9.83855632289976 0.7654 1524063218.630476
1 10.007371936007162 0.6347 1524063218.7353687
2 9.654924425585051 0.7815 1524063219.0565495
1 10.083635363883596 0.6331333333333333 1524063219.1327481
2 9.668916735181428 0.7980333333333334 1524063219.4628541
1 10.013971362288995 0.6326333333333334 1524063219.5394282
2 9.821725878532462 0.8085666666666667 1524063219.8550882
1 9.869371447468872 0.6387 1524063219.9543154
2 10.270784412083753 0.8073666666666667 1524063220.2207096
1 9.853242907399768 0.6458666666666667 1524063220.350172
2 10.391817127152937 0.8040333333333334 1524063220.6158063
1 9.869768175985236 0.6526333333333333 1524063220.7532485
2 10.155832324467292 0.8039 1524063221.0353138
1 10.146677051012738 0.6510333333333334 1524063221.135787
2 10.029878649916272 0.8055333333333333 1524063221.421445
1 10.21132854039097 0.6482666666666667 1524063221.529867
2 9.917345080370726 0.8114 1524063221.8354554
