1 1 1524063577.4697886
2 1 1524063578.1274562
1 10.703249012498654 0.98 1524063578.610106
1 10.55671886085853 0.97 1524063578.904038
1 10.517068897405776 0.96 1524063579.190749
2 9.870882067588877 0.99 1524063579.3670893
1 10.50165752042394 0.95 1524063579.4690547
2 9.403360399237581 0.99 1524063579.7275736
1 10.567911182656726 0.94 1524063579.7487679
1 10.473894153673008 0.93 1524063580.048814
2 8.833368332746193 0.99 1524063580.0990982
1 10.351205859987454 0.92 1524063580.3457122
2 8.7434482886334 0.99 1524063580.4065547
1 10.293314014176497 0.91 1524063580.6339836
2 8.586084396738723 0.99 1524063580.7615094
1 10.071130786223577 0.9 1524063580.9393833
2 8.840951950924383 0.99 1524063581.0907035
1 10.216646228389155 0.89 1524063581.2262888
2 9.210115464795594 0.99 1524063581.4018927
1 10.247705493583732 0.88 1524063581.516734
2 8.804872544118895 0.99 1524063581.7730565
1 10.121744189638166 0.87 1524063581.8181763
1 10.216783557490972 0.86 1524063582.1134398
2 8.809808762389812 0.99 1524063582.1339238
1 10.113748584154528 0.85 1524063582.4102912
2 8.54530528289323 0.99 1524063582.4910874
1 10.043664965859923 0.84 1524063582.7124355
2 8.340105087198516 0.99 1524063582.843727
1 9.983408007739868 0.856 1524063583.0222225
2 8.606744797167831 0.99 1524063583.1632266
1 9.903825793236175 0.8704 1524063583.32776
2 8.56871989475325 0.99 1524063583.5248866
1 9.845918688636129 0.8833333333333333 1524063583.6308644
2 8.965166123519035 0.99 1524063583.8275151
1 9.781633410196077 0.895 1524063583.9378207
2 9.227464707991976 0.99 1524063584.1410089
1 9.925508532534367 0.9055 1524063584.2294052
2 9.219659837371974 0.99 1524063584.4666576
1 10.088068042114507 0.8955 1524063584.5181823
2 9.741037401819677 0.99 1524063584.756892
1 10.162195239518201 0.8855 1524063584.8131478
2 9.410608324055765 0.99 1524063585.105304
1 10.252618823671 0.8755 1524063585.1273856
1 10.18350413848367 0.8655 1524063585.406782
2 9.183099778710126 0.99 1524063585.4475026
1 10.024133715823547 0.8555 1524063585.7093866
2 9.36161235228482 0.99 1524063585.7465172
1 9.97039989003986 0.8699333333333333 1524063586.0131793
2 8.912858994515354 0.99 1524063586.101562
1 9.877542529027062 0.8829333333333333 1524063586.325664
2 9.293664964462941 0.99 1524063586.3961284
1 9.813341173927013 0.8946333333333333 1524063586.6339228
2 9.2011204086265 0.99 1524063586.7505732
1 9.826265368287011 0.9051666666666667 1524063586.9346247
2 9.08365825020459 0.99 1524063587.0670607
1 9.905084643336174 0.9146333333333333 1524063587.2311034
2 9.080476792679123 0.99 1524063587.421733
1 10.002397570763533 0.9046333333333333 1524063587.5272524
2 9.125764878700982 0.99 1524063587.7102532
1 10.012628588848994 0.8946333333333333 1524063587.8292131
2 9.036104234002723 0.99 1524063588.0896485
1 10.10527995620907 0.8846333333333334 1524063588.122188
1 10.050203356985387 0.8746333333333334 1524063588.4215825
2 8.66769603019151 0.99 1524063588.4522324
1 10.01681712645445 0.8646333333333334 1524063588.7209733
2 8.856103928491672 0.99 1524063588.7781446
1 9.891778979248889 0.8781666666666667 1524063589.041997
2 8.575510055898715 0.99 1524063589.1081443
1 9.836999926412478 0.8903333333333333 1524063589.3409083
2 8.64088633775876 0.99 1524063589.4686744
1 9.898035082776172 0.9013 1524063589.6322324
2 8.914636643444451 0.99 1524063589.8025281
1 9.969202075096229 0.9111666666666667 1524063589.927138
2 9.107484849370065 0.99 1524063590.0988262
1 10.183542285456397 0.9011666666666667 1524063590.2225933
2 9.183252366601037 0.99 1524063590.4142084
1 10.089181933718145 0.8911666666666667 1524063590.5321064
2 9.389665636028468 0.99 1524063590.7448115
1 10.00234416500171 0.8811666666666667 1524063590.831174
2 9.647974047154143 0.99 1524063591.040728
1 9.938615832363478 0.8930333333333333 1524063591.1326823
2 9.440973314346696 0.99 1524063591.3698049
1 9.93985179427984 0.9037 1524063591.429059
2 9.189767869542855 0.99 1524063591.7271144
1 10.012834582501718 0.8937 1524063591.7563164
1 9.987360034114426 0.9043 1524063592.034983
2 9.044626267710008 0.99 1524063592.0721166
1 10.079538379012682 0.8943 1524063592.3285317
2 8.959970505833567 0.99 1524063592.382493
1 10.027391467294462 0.8843 1524063592.6286743
2 8.787202866351617 0.99 1524063592.7315228
1 9.9605045653144 0.8958666666666667 1524063592.9324598
2 8.638147385116946 0.99 1524063593.1114032
1 10.022256884765362 0.8858666666666667 1524063593.2302217
2 8.984376938984509 0.99 1524063593.4110918
1 9.926065478336193 0.8972666666666667 1524063593.5337484
2 8.972414048337214 0.99 1524063593.723663
1 9.95421794420894 0.9075333333333333 1524063593.8317797
2 9.26314738628109 0.99 1524063594.0265644
1 10.058740649481752 0.8975333333333333 1524063594.1307347
2 9.654672655565053 0.99 1524063594.3524907
1 10.014482531723537 0.8875333333333333 1524063594.4308844
2 9.642656359155962 0.99 1524063594.6544046
1 10.05965617682721 0.8775333333333334 1524063594.7265182
2 9.497186693357659 0.99 1524063594.98298
1 10.098444018696332 0.8675333333333334 1524063595.0193675
2 9.554574999128617 0.99 1524063595.286002
1 9.99299052728898 0.8807666666666667 1524063595.3291
2 9.577158006983177 0.99 1524063595.6075354
1 10.115785632498165 0.8707666666666667 1524063595.631905
1 10.024965319828999 0.8607666666666667 1524063595.921608
2 9.22807505955562 0.99 1524063595.9525933
1 9.931444201490741 0.8746666666666667 1524063596.2275138
2 9.279024156330197 0.99 1524063596.2752702
1 10.03253367921809 0.8646666666666667 1524063596.522155
2 8.853876145284396 0.99 1524063596.6390057
1 9.937318835290752 0.8782 1524063596.8222303
2 8.631814987644216 0.99 1524063596.996659
1 10.118326220881807 0.8682 1524063597.11425
2 9.035600693962722 0.99 1524063597.2829258
1 10.128732715041812 0.8582 1524063597.4105875
2 8.906015427608073 0.99 1524063597.6235466
1 10.168024096950942 0.8482 1524063597.7032886
2 9.282274278406561 0.99 1524063597.9313633
1 10.066713366781768 0.8382 1524063598.0139523
2 9.086076768275502 0.99 1524063598.3179982
1 9.87413981905979 0.8543666666666667 1524063598.3392873
1 9.913347277628901 0.8689 1524063598.6237628
2 8.91171458533354 0.99 1524063598.6445694
1 9.724992785090576 0.882 1524063598.9379742
2 8.873552353817145 0.99 1524063598.976511
1 9.844759020665219 0.8938 1524063599.232032
2 8.807863266780721 0.99 1524063599.293711
1 10.013650927718079 0.8838 1524063599.5228703
2 9.273767503488381 0.99 1524063599.609695
1 10.056543383852658 0.8738 1524063599.8148081
2 9.044900925913641 0.99 1524063599.955127
1 10.097955737445426 0.8638 1524063600.1246526
2 9.3076038682975 0.99 1524063600.2644603
1 10.079141650496313 0.8538 1524063600.4250233
2 9.22594645847743 0.99 1524063600.5961251
1 10.011171374490802 0.8438 1524063600.7217593
2 9.283853563077484 0.99 1524063600.9046285
1 9.837991747703386 0.8594 1524063601.0334895
2 9.672548326985074 0.99 1524063601.194225
1 9.930246386547104 0.8734333333333333 1524063601.3326926
2 9.037187608028178 0.99 1524063601.5929165
1 9.978967700114422 0.8860666666666667 1524063601.6256459
1 10.029993090834454 0.8760666666666667 1524063601.9168634
2 8.767404587506144 0.99 1524063601.9644163
1 10.185960803527317 0.8660666666666667 1524063602.2143583
2 8.586656601329635 0.99 1524063602.306418
1 10.239648852943724 0.8560666666666666 1524063602.5055115
2 8.39751628115311 0.99 1524063602.6231916
1 10.138269458223643 0.8460666666666666 1524063602.8112783
2 8.450647384767695 0.99 1524063603.0119793
1 10.05735972906903 0.8360666666666666 1524063603.1095324
2 8.925760300691728 0.99 1524063603.3078978
1 10.002145800743525 0.8260666666666666 1524063603.4133306
2 9.209100755321051 0.99 1524063603.6049724
1 9.776437792510611 0.8434333333333334 1524063603.733027
2 9.172426255741026 0.99 1524063603.938635
1 9.717981371503285 0.8590666666666666 1524063604.0452528
2 9.974924121005325 0.99 1524063604.2149906
1 9.699495348519633 0.8731333333333333 1524063604.345932
2 9.912836108194362 0.99 1524063604.5174096
1 9.828790697881562 0.8858 1524063604.6334267
2 9.766244921397872 0.99 1524063604.8319874
1 9.874063525114327 0.8972 1524063604.945617
2 10.041978869665378 0.98 1524063605.127906
1 10.009454760718082 0.8872 1524063605.2438354
2 9.79000285601244 0.982 1524063605.4408815
1 10.036386523463554 0.8772 1524063605.54648
2 9.118715318140971 0.9838 1524063605.8355827
1 9.891931567139803 0.8894666666666666 1524063605.8576472
1 10.011873278788991 0.8794666666666666 1524063606.1457677
2 8.965806992660847 0.9854 1524063606.1711133
1 10.056337390199932 0.8694666666666667 1524063606.4355235
2 8.73212626712793 0.9868333333333333 1524063606.501167
1 10.14424327415273 0.8594666666666667 1524063606.728068
2 8.676851303646066 0.9881333333333333 1524063606.8243077
1 10.025156054692632 0.8494666666666667 1524063607.0443895
2 9.223726304664698 0.9893 1524063607.136156
1 10.070871386809031 0.8394666666666667 1524063607.3376212
2 9.279718431233844 0.9903666666666666 1524063607.4643712
1 9.933527026201647 0.8555 1524063607.643218
2 9.269571336488376 0.99 1524063607.795911
1 9.779603991246985 0.8699333333333333 1524063607.9515843
2 8.784227402478876 0.99 1524063608.1886559
1 9.859521899110687 0.8829333333333333 1524063608.2611392
2 8.460069687031346 0.99 1524063608.5546103
1 9.726930651305112 0.8946333333333333 1524063608.5756254
1 9.746042284641502 0.9051666666666667 1524063608.8772817
2 8.289270431342112 0.99 1524063608.91508
1 9.94043162826529 0.9146333333333333 1524063609.1614738
2 8.216722518609322 0.99 1524063609.259402
1 10.072336230561763 0.9046333333333333 1524063609.4510245
2 8.54943278534233 0.99 1524063609.5919254
1 10.223131213752797 0.8946333333333333 1524063609.7449799
2 8.921167405175366 0.99 1524063609.8982348
1 10.33856395322562 0.8846333333333334 1524063610.0358407
2 9.074205430362762 0.99 1524063610.234546
1 10.19393352082732 0.8746333333333334 1524063610.338228
2 9.03867533996455 0.99 1524063610.5843403
1 10.18794444610914 0.8646333333333334 1524063610.6352262
1 10.088174853638149 0.8546333333333334 1524063610.9373107
2 8.87196543975168 0.99 1524063610.9595904
1 9.988420519956236 0.8691666666666666 1524063611.2373867
2 8.941202195251735 0.99 1524063611.2579937
1 9.892801318117979 0.8822333333333333 1524063611.548924
2 8.617708237129653 0.99 1524063611.6261833
1 9.882768664290703 0.894 1524063611.8445659
2 9.03436473204636 0.99 1524063611.9126823
1 9.97392467031987 0.9046 1524063612.137036
2 9.057168992342747 0.99 1524063612.2772052
1 10.072832141207215 0.8946 1524063612.4304519
2 8.684396774851532 0.99 1524063612.6243725
1 10.220148120485522 0.8846 1524063612.7270103
2 9.235139878904713 0.99 1524063612.9248035
1 10.141298327858186 0.8746 1524063613.032025
2 9.22001078952106 0.99 1524063613.2132204
1 10.096513781876334 0.8646 1524063613.333912
2 9.343423875688439 0.99 1524063613.5562456
1 9.973848376374411 0.8781333333333333 1524063613.6339765
2 9.823534045039736 0.99 1524063613.8522604
1 9.89682963843798 0.8903 1524063613.9435265
2 9.453363451088528 0.99 1524063614.197769
1 9.991563830508966 0.9012666666666667 1524063614.2305098
2 9.406267198559393 0.99 1524063614.4892685
1 10.017511401358078 0.8912666666666667 1524063614.5242376
1 10.138002429414554 0.8812666666666666 1524063614.815235
2 9.273370774972019 0.99 1524063614.8480358
1 10.13694957296727 0.8712666666666666 1524063615.1194563
2 8.462785751489525 0.99 1524063615.2628746
1 10.090570483525418 0.8612666666666666 1524063615.42062
2 8.775697739377058 0.99 1524063615.5687563
1 10.026651416023551 0.8512666666666666 1524063615.7226617
2 8.60243418924964 0.99 1524063615.887892
1 9.839044604150669 0.8661333333333333 1524063616.0354555
2 8.63006022689876 0.99 1524063616.2392037
1 9.845277819494305 0.8795 1524063616.3388636
2 9.155046494966468 0.99 1524063616.5720592
1 9.859651598817956 0.8915333333333333 1524063616.6352055
2 8.8993244485917 0.99 1524063616.911832
1 9.875253710663424 0.9023666666666667 1524063616.9391327
2 9.016511948809978 0.99 1524063617.2179768
1 10.121851001161804 0.8923666666666666 1524063617.2472584
1 10.173814807410947 0.8823666666666666 1524063617.5193908
2 8.947565110302648 0.99 1524063617.5804832
1 10.131074939167274 0.8723666666666666 1524063617.8180814
2 8.998147996139062 0.99 1524063617.90541
1 10.159044299570933 0.8623666666666666 1524063618.1155474
2 9.06510356267002 0.99 1524063618.233903
1 10.061800036694482 0.8523666666666667 1524063618.412878
2 9.020235093348171 0.99 1524063618.54657
1 10.091447863898148 0.8423666666666667 1524063618.7068334
2 9.159273179544652 0.99 1524063618.891188
1 10.037981066923555 0.8323666666666667 1524063619.0207536
2 9.391382249801197 0.99 1524063619.185294
1 9.984849963308962 0.8491 1524063619.3182642
2 9.107713731206427 0.99 1524063619.5516682
1 9.946878466656205 0.8641666666666666 1524063619.6210861
2 9.238458665531986 0.99 1524063619.8441522
1 9.805666003014272 0.8777333333333334 1524063619.9305775
2 9.421144517923045 0.99 1524063620.16508
1 9.852663073414318 0.8899333333333334 1524063620.2340152
2 9.436487230353963 0.99 1524063620.456466
1 9.879709277077971 0.9009333333333334 1524063620.53405
2 9.807794604092452 0.99 1524063620.779195
1 9.983804736256237 0.9108333333333334 1524063620.8260233
2 9.756143603019686 0.99 1524063621.0743988
1 10.13202861348545 0.9008333333333334 1524063621.1150002
2 9.773897204126973 0.99 1524063621.391566
1 10.153322253661829 0.8908333333333334 1524063621.4140475
2 9.705614122945105 0.99 1524063621.6920474
1 10.154588733156382 0.8808333333333334 1524063621.7144094
1 9.993425402778069 0.8927333333333334 1524063622.023405
2 9.365884813230267 0.99 1524063622.057604
1 10.011568103007171 0.8827333333333334 1524063622.3152165
2 9.008050950259063 0.99 1524063622.408439
1 10.103319201810876 0.8727333333333334 1524063622.6035926
2 9.218561204557426 0.99 1524063622.6941457
1 10.127397570996363 0.8627333333333334 1524063622.9001994
2 8.811662705264359 0.99 1524063623.0531583
1 10.200380359218233 0.8527333333333333 1524063623.1975396
2 8.933771164964465 0.99 1524063623.399079
1 10.09572032484361 0.8427333333333333 1524063623.5046926
2 9.371858629159373 0.99 1524063623.6877162
1 10.03666881106174 0.8327333333333333 1524063623.7988265
2 8.971910508297222 0.99 1524063624.0352254
1 10.046258960005376 0.8227333333333333 1524063624.0987322
1 9.944299731299843 0.8404333333333334 1524063624.4065092
2 8.791704209133437 0.99 1524063624.4269528
1 9.897058520274355 0.8563666666666667 1524063624.7144015
2 8.69784739743518 0.99 1524063624.779598
1 9.79846385456336 0.8707 1524063625.0214884
2 8.242410690043895 0.99 1524063625.1420796
1 9.793321642639722 0.8836 1524063625.3205361
2 8.171510726532919 0.99 1524063625.5000603
1 9.866708788772499 0.8952333333333333 1524063625.6229544
2 8.633836777198765 0.99 1524063625.8096857
1 9.848978075848853 0.9057 1524063625.9348278
2 8.7864628150807 0.99 1524063626.1448452
1 9.931795153639838 0.9151 1524063626.2309978
2 8.767725022077054 0.99 1524063626.5118818
1 10.006929431123526 0.9051 1524063626.5321088
2 9.164461167835555 0.99 1524063626.809519
1 10.04173472903992 0.8951 1524063626.8304548
1 10.076707873636309 0.8851 1524063627.1263714
2 9.00841716119725 0.99 1524063627.1484928
1 10.059450183174476 0.8751 1524063627.4244823
2 8.807138474298908 0.99 1524063627.5096695
1 10.008173022434443 0.8651 1524063627.7177944
2 9.346490892295718 0.99 1524063627.794157
1 9.960390124396215 0.8785666666666667 1524063628.026832
2 8.835451157457102 0.99 1524063628.16651
1 10.032060656756276 0.8685666666666667 1524063628.3232613
2 8.953523667442665 0.99 1524063628.4810348
1 10.042696032752652 0.8585666666666667 1524063628.6197307
2 9.206995042426506 0.99 1524063628.813579
1 9.949464831407122 0.8727 1524063628.9246542
2 9.211008103957422 0.99 1524063629.1024656
1 10.013193164045354 0.8627 1524063629.22138
2 9.336793931828431 0.99 1524063629.4537883
1 9.972856555083508 0.8764 1524063629.5262568
2 9.30176738147022 0.99 1524063629.770867
1 9.883272204330698 0.8887333333333334 1524063629.8382804
1 9.981462512130788 0.8998333333333334 1524063630.128638
2 9.047853501602743 0.99 1524063630.1506054
1 10.046297106978114 0.8898333333333334 1524063630.4154072
2 8.689104111286072 0.99 1524063630.4805052
1 10.120439563170894 0.8798333333333334 1524063630.7096694
2 9.071878465026392 0.99 1524063630.7845902
1 10.080835376085407 0.8698333333333333 1524063631.0242577
2 8.696451218233362 0.99 1524063631.151491
1 10.062486682203582 0.8598333333333333 1524063631.319659
2 9.192865403728309 0.99 1524063631.4420722
1 9.955110583370756 0.8738333333333334 1524063631.6240478
2 9.235605271971982 0.99 1524063631.778143
1 9.81685069541792 0.8864333333333333 1524063631.931197
2 9.253801377962908 0.99 1524063632.0724485
1 10.028268847667185 0.8764333333333333 1524063632.2213783
1 6 frame freq 1524063632.2229855
1 12.663881340369366 0.8664333333333334 1524063632.5676947
2 9.190881761146487 0.99 1524063632.7513168
2 6 frame freq 1524063632.7528286
1 17.35841760292354 0.8564333333333334 1524063632.9103155
2 11.222848928017262 0.98 1524063633.141067
1 17.243244262865264 0.8464333333333334 1524063633.263861
2 14.658021969083734 0.97 1524063633.5668888
1 17.083484741083314 0.8364333333333334 1524063633.613399
1 16.83118066346492 0.8264333333333334 1524063633.9761844
2 14.09100536646509 0.96 1524063633.9980466
1 16.549182982275603 0.8164333333333333 1524063634.3382962
2 13.858057062808527 0.95 1524063634.436191
1 16.684635253035726 0.8064333333333333 1524063634.694788
2 14.374788325978049 0.94 1524063634.827108
1 16.324222654708148 0.7964333333333333 1524063635.07212
2 14.520158809647262 0.93 1524063635.2593415
1 16.41519555526822 0.7864333333333333 1524063635.4276881
2 14.633256954389175 0.92 1524063635.647429
1 16.370349974129994 0.7764333333333333 1524063635.8111653
2 15.435937925122571 0.91 1524063636.0396018
1 16.373340696791814 0.7664333333333333 1524063636.1610332
2 14.580179256536402 0.9 1524063636.4696956
1 16.41782006699187 0.7564333333333333 1524063636.5372498
2 14.047922175466875 0.89 1524063636.8908923
1 15.79468731543922 0.7464333333333333 1524063636.9183133
1 15.704004331871875 0.7364333333333334 1524063637.302484
2 14.275629085070696 0.88 1524063637.3253398
1 15.756685301208288 0.7264333333333334 1524063637.6829
2 13.680254022926569 0.87 1524063637.7749567
1 15.44986157016803 0.7164333333333334 1524063638.0773344
2 13.258691827317133 0.86 1524063638.215219
1 15.196931882196909 0.7064333333333334 1524063638.470861
2 13.70810894241205 0.85 1524063638.6428697
1 15.52574352831719 0.6964333333333333 1524063638.8515716
2 14.317071956241639 0.84 1524063639.053979
1 15.434007688302557 0.6864333333333333 1524063639.2503836
2 14.050752680843237 0.83 1524063639.4985764
1 15.072816891731359 0.6764333333333333 1524063639.6481571
2 13.6327991888538 0.82 1524063639.933657
1 14.601907772201871 0.6664333333333333 1524063640.0690086
2 13.991342585517735 0.81 1524063640.35436
1 14.641939205381911 0.6564333333333333 1524063640.4682138
2 13.710084955599326 0.8 1524063640.810862
1 14.713197750436514 0.6464333333333333 1524063640.885867
2 13.242654839982567 0.79 1524063641.2633083
1 14.34787945141621 0.6364333333333333 1524063641.3028085
2 13.369073907600859 0.78 1524063641.7077587
1 14.256967586012502 0.6264333333333333 1524063641.7307136
2 13.639368097557439 0.77 1524063642.140482
1 13.902193110254025 0.6164333333333334 1524063642.1675045
2 13.4695072573973 0.76 1524063642.6002495
1 13.73131756061934 0.6064333333333334 1524063642.624978
2 13.137102166446114 0.75 1524063643.0562706
1 13.41411022360271 0.5964333333333334 1524063643.0792694
2 13.146554986287939 0.74 1524063643.5123677
1 13.175058404309791 0.5864333333333334 1524063643.5342207
2 13.064561883107881 0.73 1524063643.9740906
1 13.06228832353333 0.5764333333333334 1524063643.9962733
1 12.639825859367527 0.5664333333333333 1524063644.4646351
2 12.472070732101932 0.72 1524063644.4974194
2 12.64589122803117 0.71 1524063644.9218082
1 12.68763164558939 0.5564333333333333 1524063644.944623
2 13.515909235022791 0.7 1524063645.3635802
1 12.6921482471603 0.5464333333333333 1524063645.4067104
2 12.736276665211243 0.69 1524063645.8653095
1 12.187120475223512 0.5364333333333333 1524063645.912004
2 12.70695690197304 0.68 1524063646.3119392
1 12.023050345523378 0.5264333333333333 1524063646.4055288
2 12.63359264402388 0.67 1524063646.812902
1 11.898355521072371 0.5164333333333333 1524063646.9180608
2 12.354623832469107 0.66 1524063647.2765749
1 11.506280935381138 0.5064333333333333 1524063647.4498723
2 12.942781487373233 0.65 1524063647.7422078
1 11.247499501793643 0.49643333333333334 1524063647.9852898
2 12.436845817485535 0.64 1524063648.2409577
1 11.117891347255364 0.48643333333333333 1524063648.526039
2 12.349451102967288 0.63 1524063648.7120183
1 11.056619679660756 0.4764333333333333 1524063649.07088
2 12.36461070992911 0.62 1524063649.2124052
1 10.772439991631442 0.4664333333333333 1524063649.6418037
2 12.241281547101735 0.61 1524063649.6951194
2 12.018884696101559 0.6 1524063650.2093568
1 10.377412830251103 0.45643333333333336 1524063650.2302635
2 11.922296561156022 0.59 1524063650.7013733
1 10.03185466310355 0.44643333333333335 1524063650.8383987
2 11.476091421164744 0.58 1524063651.2561991
1 10.100564990379967 0.43643333333333334 1524063651.4164212
2 11.137811696413563 0.57 1524063651.7761803
1 10.077241931254491 0.42643333333333333 1524063652.0278504
2 11.522264516953872 0.56 1524063652.2963233
1 9.516756090366766 0.4837666666666667 1524063652.6759882
2 11.268526113160936 0.55 1524063652.841857
1 9.886995348868881 0.5353666666666667 1524063653.241531
2 11.5577640897739 0.54 1524063653.3354497
1 11.215623891382718 0.5253666666666666 1524063653.7447724
2 11.62327770073578 0.53 1524063653.877803
1 11.830110586863219 0.5153666666666666 1524063654.256718
2 10.90567973797336 0.52 1524063654.4407418
1 11.796594656625011 0.5053666666666666 1524063654.7647889
2 11.006822621462543 0.51 1524063654.964278
1 11.41980937760288 0.4953666666666667 1524063655.3058107
2 11.067598378411686 0.5 1524063655.5190897
1 11.060197865702586 0.48536666666666667 1524063655.848603
2 10.3950672492293 0.49 1524063656.1201637
1 10.98896220883162 0.47536666666666666 1524063656.40682
2 9.441583665910333 0.541 1524063656.7904859
1 10.604898487413111 0.46536666666666665 1524063656.9793384
2 10.12267497577271 0.531 1524063657.3098829
1 10.340265308209254 0.45536666666666664 1524063657.559435
2 11.231821096002719 0.521 1524063657.8658051
1 10.135866198941816 0.4453666666666667 1524063658.1641119
2 11.113847768146263 0.511 1524063658.3845863
1 9.937921557459838 0.5008 1524063658.7656927
2 10.82551768948421 0.501 1524063658.9769812
1 10.570528064985812 0.4908 1524063659.2978797
2 10.357629810194725 0.491 1524063659.5438552
1 10.851129566973325 0.4808 1524063659.8737457
2 10.321168933661976 0.481 1524063660.1320229
1 10.555162464371259 0.4708 1524063660.434173
2 9.755876574210593 0.5329 1524063660.773686
1 10.374132190596566 0.4608 1524063661.030102
2 10.057733569401748 0.5229 1524063661.3280025
1 9.91710856913982 0.5147 1524063661.6460826
2 10.749208485240503 0.5129 1524063661.8885
1 10.354097400520175 0.5047 1524063662.1863496
2 10.725404774258664 0.5029 1524063662.4510138
1 11.078386342298964 0.4947 1524063662.736381
2 10.640443836600413 0.4929 1524063663.0178514
1 11.12320903525355 0.4847 1524063663.267541
2 10.037958178739919 0.4829 1524063663.636758
1 10.959520375280679 0.4747 1524063663.82373
2 9.45175364883943 0.5346 1524063664.2896268
1 10.557168995136712 0.4647 1524063664.4052596
2 10.168886218534567 0.5246 1524063664.8198178
1 10.198648486656422 0.4547 1524063665.003996
2 10.67976573608773 0.5146 1524063665.4096868
1 10.054437670958121 0.4447 1524063665.5972745
2 10.547281299805789 0.5046 1524063665.9548202
1 9.790025744196083 0.5002 1524063666.2254426
2 10.642961536800419 0.4946 1524063666.5381353
1 10.1953907351855 0.4902 1524063666.7746882
2 10.290514026378307 0.4846 1524063667.1222575
1 11.011896168835273 0.4802 1524063667.315189
2 10.119958911314535 0.4746 1524063667.722629
1 10.772295033135071 0.4702 1524063667.8963833
2 9.95641520983804 0.5271333333333333 1524063668.3378224
1 10.504602466718481 0.4602 1524063668.4673157
2 10.67108348509499 0.5171333333333333 1524063668.8480055
1 10.237978015538264 0.4502 1524063669.0700104
2 11.257867848980935 0.5071333333333333 1524063669.3930929
1 10.002519641076258 0.4402 1524063669.6675696
2 10.803087269520557 0.4971333333333333 1524063669.9640942
1 9.802049669999722 0.49616666666666664 1524063670.28535
2 10.061075244212672 0.4871333333333333 1524063670.587627
1 10.269815478976474 0.4861666666666667 1524063670.8342257
2 9.979448351970785 0.5384 1524063671.1618617
1 10.792612110809628 0.4761666666666667 1524063671.4048269
2 10.93217662522975 0.5284 1524063671.686495
1 10.245660815845552 0.4661666666666667 1524063672.0049
2 11.356493032270095 0.5184 1524063672.2171261
1 10.225915942761894 0.45616666666666666 1524063672.5768368
2 10.979364430493431 0.5084 1524063672.7752323
1 10.273355518045573 0.44616666666666666 1524063673.165852
2 11.173173940131763 0.4984 1524063673.2960873
1 9.694383654174183 0.5015333333333334 1524063673.8067107
2 10.619516407362214 0.4884 1524063673.905323
1 10.212076221056433 0.4915333333333333 1524063674.3450918
2 10.07002452401449 0.4784 1524063674.4821723
1 11.209947621840886 0.4815333333333333 1524063674.88665
2 10.341974292587448 0.4684 1524063675.069513
1 10.849473988356952 0.47153333333333336 1524063675.4540985
2 10.030626330581729 0.4584 1524063675.6805885
1 10.522951160600325 0.46153333333333335 1524063676.026462
2 9.974573168856224 0.5125333333333333 1524063676.2698205
1 10.513078724058499 0.45153333333333334 1524063676.598187
2 10.283700977049218 0.5025333333333334 1524063676.8476107
1 10.238809619543726 0.44153333333333333 1524063677.1978219
2 10.44651988604389 0.4925333333333333 1524063677.4177728
1 9.81334880332155 0.4973666666666667 1524063677.8089669
2 10.821626698266028 0.4825333333333333 1524063677.9602034
1 10.254137073185554 0.48736666666666667 1524063678.3669844
2 10.84412578278059 0.47253333333333336 1524063678.525292
1 10.786249195758716 0.47736666666666666 1524063678.921864
1 4 frame freq 1524063678.9233758
2 7.760266318470737 0.5252666666666667 1524063679.0748603
2 4 frame freq 1524063679.076249
1 7.536908163757822 0.5296 1524063679.483209
2 7.6395464085779095 0.5727333333333333 1524063679.5851164
1 7.48281957112778 0.5766333333333333 1524063680.0134041
2 7.741723075027997 0.6154333333333334 1524063680.078081
1 7.913865104157229 0.6189666666666667 1524063680.440202
2 8.01461985710006 0.6538666666666667 1524063680.5737066
1 8.832506211162562 0.6570666666666667 1524063680.8422012
2 8.473825485396809 0.6884666666666667 1524063681.001694
1 9.79245952105608 0.6913333333333334 1524063681.233248
2 8.919405015035352 0.7196 1524063681.4197297
1 10.325433765212885 0.6813333333333333 1524063681.6020236
2 9.455019029704898 0.7476333333333334 1524063681.844894
1 10.543603931634877 0.6713333333333333 1524063681.9819138
2 9.909280810336172 0.7728666666666667 1524063682.2194514
1 10.648790394233146 0.6613333333333333 1524063682.3602216
2 10.118852649105435 0.7628666666666667 1524063682.6049922
1 10.51174358001304 0.6513333333333333 1524063682.747276
2 10.468019519873005 0.7528666666666667 1524063682.9875
1 10.279115710927398 0.6413333333333333 1524063683.148156
2 10.274309192363747 0.7428666666666667 1524063683.381623
1 10.137659106660003 0.6313333333333333 1524063683.5448475
2 10.2709446293692 0.7328666666666667 1524063683.7842016
1 9.892694506594344 0.6682 1524063683.9567814
2 9.870271716025242 0.7595666666666666 1524063684.203366
1 10.150842700434564 0.6582 1524063684.3309453
2 9.742143664028765 0.7836 1524063684.6126218
1 10.128953967483632 0.6482 1524063684.7299206
2 9.72288707219602 0.8052333333333334 1524063685.009651
1 10.283647571287394 0.6382 1524063685.1244528
2 10.028032336436269 0.7952333333333333 1524063685.4014826
1 10.126054797556359 0.6282 1524063685.5174503
2 10.10992625748725 0.7852333333333333 1524063685.7993314
1 10.179643664843669 0.6182 1524063685.909771
2 10.381296192074744 0.7752333333333333 1524063686.1632679
1 9.968675646872596 0.6563666666666667 1524063686.324933
2 10.444986377740257 0.7652333333333333 1524063686.5490458
1 10.060190234445392 0.6463666666666666 1524063686.7092726
2 10.455621753736631 0.7552333333333333 1524063686.9491875
1 10.06273082282903 0.6363666666666666 1524063687.1030777
2 10.193872485670953 0.7452333333333333 1524063687.344335
1 10.226282153700073 0.6263666666666666 1524063687.5004783
2 10.064744982989026 0.7352333333333333 1524063687.7410247
1 10.131570849812727 0.6163666666666666 1524063687.8917532
2 9.954301867548944 0.7617 1524063688.1524203
1 9.869684252645241 0.6547 1524063688.3160686
2 10.028627429210822 0.7517 1524063688.5384107
1 9.9729557372126 0.6892 1524063688.7035744
2 10.04911235356539 0.7417 1524063688.943423
1 10.130960498249083 0.6792 1524063689.0795298
2 10.43262675857661 0.7317 1524063689.3020928
1 10.60896495470584 0.6692 1524063689.4468734
2 10.39827922433294 0.7217 1524063689.6924162
1 10.788927113244183 0.6592 1524063689.8173416
2 10.160608325452753 0.7117 1524063690.1173391
1 10.462251697596635 0.6492 1524063690.2262185
2 9.515588793001307 0.7405 1524063690.5711315
1 10.215921435907346 0.6392 1524063690.6271324
2 9.546937975188605 0.7664333333333333 1524063690.9491296
1 9.89928630348163 0.6752666666666667 1524063691.0303946
2 9.578493151028628 0.7897666666666666 1524063691.3691025
1 10.14486125511091 0.6652666666666667 1524063691.4104471
2 9.995782885692611 0.8107666666666666 1524063691.7663133
1 10.296800647483767 0.6552666666666667 1524063691.7899728
2 9.804521593832453 0.8296666666666667 1524063692.174313
1 10.254877124456462 0.6452666666666667 1524063692.2001336
2 10.230409656149172 0.8196666666666667 1524063692.5445876
1 10.130311999712722 0.6352666666666666 1524063692.5948527
2 10.279840503409211 0.8096666666666666 1524063692.9319954
1 9.944276843116207 0.6717333333333333 1524063692.994741
2 10.644861256042239 0.7996666666666666 1524063693.2996514
1 10.137178454803635 0.6617333333333333 1524063693.3807514
2 10.25537303510192 0.7896666666666666 1524063693.7133863
1 10.256624255807374 0.6517333333333334 1524063693.763167
2 10.582246815007636 0.7796666666666666 1524063694.0749314
1 10.340204273052894 0.6417333333333334 1524063694.15737
2 10.439027820600247 0.7696666666666667 1524063694.449332
1 10.22874644813826 0.6317333333333334 1524063694.5537643
2 10.48899272547848 0.7596666666666667 1524063694.856274
1 9.919557604788908 0.6685333333333333 1524063694.9715323
2 9.86956981172706 0.7837 1524063695.2857082
1 10.0516987183163 0.6585333333333333 1524063695.3505762
2 9.823251757441557 0.8053 1524063695.6747189
1 10.091478381476328 0.6485333333333333 1524063695.7459545
2 9.96029857166168 0.8247666666666666 1524063696.0614314
1 10.254877124456469 0.6385333333333333 1524063696.1406665
2 10.436487232216617 0.8147666666666666 1524063696.4326403
1 10.136804614470911 0.6285333333333334 1524063696.531437
2 10.799974476546007 0.8047666666666666 1524063696.7828004
1 10.029359851087184 0.6185333333333334 1524063696.9411228
2 10.932642018297022 0.7947666666666666 1524063697.1598976
1 10.010095629859894 0.6085333333333334 1524063697.3404365
2 10.752344166398695 0.7847666666666666 1524063697.5511897
1 9.856538805843408 0.6476666666666666 1524063697.7499337
2 10.41160777660386 0.7747666666666667 1524063697.9338725
1 9.959810290410765 0.6829 1524063698.1437755
2 10.36129191957655 0.7647666666666667 1524063698.317096
1 10.199617419763687 0.6729 1524063698.5159395
2 10.197168384114601 0.7547666666666667 1524063698.7249868
1 10.544168506831248 0.6629 1524063698.888006
2 10.19435313752732 0.7447666666666667 1524063699.1135411
1 10.534936939431233 0.6529 1524063699.2867844
2 9.985506091239875 0.7702666666666667 1524063699.5203633
1 10.357522998671092 0.6429 1524063699.674939
2 10.08452037365087 0.7602666666666666 1524063699.913458
1 10.177179370405483 0.6329 1524063700.0667942
2 9.972726855376223 0.7842333333333333 1524063700.3140013
1 10.167902026638204 0.6229 1524063700.4645271
2 9.873102221401599 0.8058 1524063700.734916
1 10.028528247081729 0.6129 1524063700.8766038
2 10.070077929776309 0.7958 1524063701.1076808
1 9.780939135292437 0.6516 1524063701.294121
2 10.209756885114608 0.7858 1524063701.4900024
1 9.876192126192512 0.6864333333333333 1524063701.6794267
2 10.210420642440063 0.7758 1524063701.9089925
1 10.13327220479636 0.6764333333333333 1524063702.0549128
2 10.097909961078148 0.7658 1524063702.2950692
1 10.472810779647556 0.6664333333333333 1524063702.4395108
2 10.028284106456278 0.7558 1524063702.6922004
1 10.554391895522162 0.6564333333333333 1524063702.8173246
2 10.29921153616014 0.7458 1524063703.0752149
1 10.35758403382746 0.6464333333333333 1524063703.2144363
2 10.299707446805597 0.7358 1524063703.458359
1 10.244524036058278 0.6364333333333333 1524063703.6105518
2 10.25002482952555 0.7258 1524063703.8576198
1 9.977418933021685 0.6727666666666666 1524063704.019499
2 10.10439494644179 0.7158 1524063704.263103
1 10.086153064083598 0.6627666666666666 1524063704.4061809
2 10.003244433558077 0.7058 1524063704.661181
1 10.115350757009077 0.6527666666666667 1524063704.7975893
2 9.777597460481525 0.7352 1524063705.084454
1 10.156839404547297 0.6427666666666667 1524063705.199948
2 9.62294200365048 0.7616666666666667 1524063705.5080216
1 10.1738071780164 0.6327666666666667 1524063705.5846994
2 9.561059984492255 0.7855 1524063705.9140592
1 9.94964793687621 0.6694666666666667 1524063706.0041018
2 10.122835193058165 0.7755 1524063706.2803879
1 10.115953479178172 0.6594666666666666 1524063706.3899672
2 10.38981822578203 0.7655 1524063706.6632478
1 10.171693835727297 0.6494666666666666 1524063706.7636988
2 10.597627674411296 0.7555 1524063707.0457518
1 10.37104991520019 0.6394666666666666 1524063707.1605961
2 9.984865222098056 0.7799333333333334 1524063707.4735928
1 10.20907023960551 0.6294666666666666 1524063707.5640697
2 10.033121142598096 0.7699333333333334 1524063707.8623145
1 9.714357409094193 0.6665 1524063708.0007467
2 9.814966234965196 0.7929333333333334 1524063708.27099
1 9.818445238877924 0.6998333333333333 1524063708.3825536
2 10.139429126194555 0.7829333333333334 1524063708.6555657
1 10.09476665052542 0.6898333333333333 1524063708.7508204
2 10.202249560881874 0.7729333333333334 1524063709.0356843
1 10.643396412289517 0.6798333333333333 1524063709.1274667
2 10.167017016870936 0.7629333333333334 1524063709.4504967
1 10.628992115387684 0.6698333333333333 1524063709.5135784
2 9.978105578530773 0.7866333333333333 1524063709.8650882
1 10.46669963461664 0.6598333333333334 1524063709.8991184
2 9.90394023415436 0.8079666666666667 1524063710.247296
1 10.275148425763748 0.6498333333333334 1524063710.2959983
2 10.199029956383688 0.7979666666666667 1524063710.6256192
1 10.261430774371014 0.6398333333333334 1524063710.6831324
2 10.453874622385719 0.7879666666666667 1524063711.0079541
1 10.175966296672767 0.6298333333333334 1524063711.078481
2 10.63705638542224 0.7779666666666667 1524063711.3781214
1 10.180940661916408 0.6198333333333333 1524063711.4766107
2 10.487794910534843 0.7679666666666667 1524063711.7703786
1 9.96566966542168 0.6578333333333334 1524063711.8845952
2 10.489717517960292 0.7579666666666667 1524063712.1506455
1 10.026826892098095 0.6478333333333334 1524063712.273607
2 9.963602099499852 0.7821666666666667 1524063712.5805893
1 10.101587329249059 0.6378333333333334 1524063712.6620152
2 10.11387065446725 0.7721666666666667 1524063712.956776
1 10.297510181176492 0.6278333333333334 1524063713.0523164
2 9.984849963308962 0.7949333333333334 1524063713.3535762
1 10.176164660930947 0.6178333333333333 1524063713.4538589
2 10.107248340001789 0.7849333333333334 1524063713.766887
1 10.016473803699897 0.6078333333333333 1524063713.861535
2 9.872911486537966 0.8064333333333333 1524063714.1721616
1 9.71592143497601 0.6470333333333333 1524063714.2869248
2 9.92430308819619 0.8257666666666666 1524063714.562233
1 9.819994005970644 0.6823 1524063714.675149
2 10.362031970847466 0.8157666666666666 1524063714.931337
1 10.0607624390363 0.6723 1524063715.054295
2 10.712816273258658 0.8057666666666666 1524063715.2909734
1 10.597993885349473 0.6623 1524063715.4176428
2 10.58192638043673 0.7957666666666666 1524063715.697092
1 10.55238536475671 0.6523 1524063715.8111148
2 10.288721118660126 0.7857666666666666 1524063716.0930731
1 10.306474719767408 0.6423 1524063716.2188175
2 10.248994861261917 0.7757666666666667 1524063716.4632974
1 10.110048327799982 0.6323 1524063716.60939
2 10.394159351278391 0.7657666666666667 1524063716.85109
1 9.9743671752035 0.6690666666666667 1524063717.0143712
2 10.219514880738249 0.7557666666666667 1524063717.2651494
1 10.119905505552712 0.6590666666666667 1524063717.4012742
2 10.057512316959931 0.7457666666666667 1524063717.6549518
1 10.111574206709067 0.6490666666666667 1524063717.792156
2 10.135911975309092 0.7357666666666667 1524063718.037438
1 10.24599650920555 0.6390666666666667 1524063718.1864386
2 10.223115954963705 0.7257666666666667 1524063718.4409754
1 10.199548755212776 0.6290666666666667 1524063718.5797026
2 9.875253710663426 0.7531666666666667 1524063718.869896
1 9.97696879874351 0.6661333333333334 1524063718.9933376
2 9.668764147290519 0.7778333333333334 1524063719.2746387
1 10.061365161205387 0.6561333333333333 1524063719.382067
2 9.639841112568684 0.8000333333333334 1524063719.687187
1 10.03110698243809 0.6461333333333333 1524063719.7751818
2 10.001352343710797 0.7900333333333334 1524063720.0717072
1 10.184900317685502 0.6361333333333333 1524063720.1783085
2 10.085268054316318 0.7800333333333334 1524063720.4655974
1 10.081964526478139 0.6261333333333333 1524063720.5715282
2 10.211473498887337 0.7700333333333333 1524063720.8589175
1 9.965372119034399 0.6635 1524063720.9798462
2 10.060426745676297 0.7600333333333333 1524063721.263437
1 10.132303271689084 0.6535 1524063721.3578799
2 9.969789538476233 0.784 1524063721.6684072
1 10.146234546129099 0.6435 1524063721.7539449
2 9.696016344606909 0.8056 1524063722.0983608
1 10.245721851001914 0.6335 1524063722.1509993
2 9.959718737676214 0.8250333333333333 1524063722.4683106
1 10.121995959658177 0.6235 1524063722.5419772
2 9.793626818421542 0.8425 1524063722.8933072
1 9.999727282672614 0.6611333333333334 1524063722.951645
2 10.379854236505654 0.8325 1524063723.2541358
1 10.05108836675266 0.6511333333333333 1524063723.344469
2 10.323915515698332 0.8225 1524063723.6326365
1 10.04033092044356 0.6411333333333333 1524063723.738556
2 10.718629871902307 0.8125 1524063724.0121734
1 10.201723132658234 0.6311333333333333 1524063724.125997
2 10.598779712987652 0.8025 1524063724.3860755
1 10.139123950412724 0.6211333333333333 1524063724.5271685
2 10.359483753069282 0.7925 1524063724.7904177
1 9.929620776194374 0.659 1524063724.9498239
2 10.14360240501091 0.7825 1524063725.1979783
1 9.983896288990778 0.6931 1524063725.3301845
2 9.871179613976151 0.8042333333333334 1524063725.6023393
1 10.17039683865458 0.6831 1524063725.708846
2 10.045206103558101 0.7942333333333333 1524063725.9831476
1 10.383012805847484 0.6731 1524063726.1055307
2 10.18618968536368 0.7842333333333333 1524063726.3736062
1 10.34131816465653 0.6631 1524063726.4903169
2 10.209116015972786 0.7742333333333333 1524063726.777879
1 10.188524280094583 0.6531 1524063726.8856564
2 10.087305102659956 0.7642333333333333 1524063727.1739464
1 10.157342944587295 0.6431 1524063727.2846122
2 9.93899730209074 0.7878 1524063727.5807886
1 10.161020312758197 0.6331 1524063727.6705165
2 9.765169176766962 0.809 1524063728.0057638
1 10.140321765356372 0.6231 1524063728.0703034
2 9.791902575254255 0.8281 1524063728.4003108
1 10.045602832074477 0.6131 1524063728.4779768
2 9.77784923050152 0.8452666666666667 1524063728.8110158
1 9.854593310234314 0.6517666666666667 1524063728.8944635
2 10.213167224476424 0.8352666666666667 1524063729.1827915
1 9.679262194185075 0.6865666666666667 1524063729.3077927
2 10.550127063971258 0.8252666666666667 1524063729.5348644
1 9.844774279454311 0.7179 1524063729.695802
2 10.731065785011406 0.8152666666666667 1524063729.9260929
1 10.37374309147474 0.7079 1524063730.0498276
2 10.685243641371367 0.8052666666666667 1524063730.305549
1 10.838388478082406 0.6979 1524063730.4165366
2 10.086648974729048 0.7952666666666667 1524063730.7276456
1 11.035776173762562 0.6879 1524063730.7954602
2 9.852510485523402 0.8157333333333333 1524063731.1446652
1 10.668069874249529 0.6779 1524063731.170922
2 9.651308092570504 0.8341333333333333 1524063731.5465972
1 10.494890247462113 0.6679 1524063731.5669692
1 10.432062183380241 0.6579 1524063731.9354982
2 9.894243273687078 0.8507 1524063731.9585605
2 10.145082507552736 0.8407 1524063732.3300107
1 10.226144824598258 0.6479 1524063732.3577178
2 10.357652698378367 0.8307 1524063732.705583
1 10.122346911807268 0.6379 1524063732.744921
